1334 
18 128 3 100 29824693 2.000000231
176 6 3 100 676203 2.000004279
50 196 3 100 5460 2.000019527
238 156 3 100 7714 2.000029901
239 76 3 100 16154 2.000039837
60 219 3 100 7725126 2.000041437
33 283 3 100 24708 2.000042045
145 9 3 100 62840 2.000044158
318 295 3 100 1909484 2.000046002
211 142 3 100 391 2.000047533
37 290 3 100 26660 2.000051473
312 305 3 100 1490424 2.000056526
207 245 3 100 140031 2.000066028
236 204 3 100 15653 2.000076186
19 111 3 100 584812 2.000095711
146 45 3 100 8357031 2.000099183
4 272 3 100 25071 2.000103653
97 314 3 100 61082 2.000105675
176 314 3 100 79582 2.000119577
186 3 3 100 156785 2.000121250
283 143 3 100 3199 2.000127940
150 269 3 100 49252 2.000133539
22 6 3 100 3402054 2.000134165
213 0 3 100 67724 2.000140287
196 57 3 100 3217 2.000140372
308 13 3 100 11278 2.000140904
162 130 3 100 13105258 2.000167650
283 112 3 100 40090 2.000171776
106 138 3 100 20178 2.000173912
259 112 3 100 4001408 2.000177053
86 154 3 100 60529 2.000180236
277 183 3 100 443686 2.000185584
38 144 3 100 6013532 2.000186660
31 259 3 100 15984 2.000197853
24 217 3 100 4509 2.000200933
174 190 3 100 4659 2.000202030
87 169 3 100 565131 2.000202450
200 132 3 100 9547806 2.000214961
140 299 3 100 7209 2.000219562
251 239 3 100 6120 2.000227060
257 145 3 100 88862 2.000231784
247 314 3 100 3056 2.000238752
70 287 3 100 7202 2.000261928
58 302 3 100 629204 2.000262868
126 40 3 100 16574 2.000270705
269 13 3 100 1924817 2.000271037
278 268 3 100 49393 2.000279966
175 149 3 100 1522 2.000293441
208 73 3 100 20404 2.000307639
77 175 3 100 1288000 2.000309478
313 2 3 100 61466 2.000318193
260 93 3 100 94722 2.000318195
264 298 3 100 71689 2.000331334
132 307 3 100 25574 2.000338222
22 277 3 100 6183682 2.000339391
92 202 3 100 56230 2.000363232
169 90 3 100 48796 2.000363272
231 150 3 100 4530 2.000365668
26 93 3 100 9858534 2.000378440
196 289 3 100 7948604 2.000402075
185 281 3 100 25265 2.000405115
187 53 3 100 40477 2.000405298
254 41 3 100 41544 2.000412727
4 207 3 100 4120475 2.000413617
14 87 3 100 518786 2.000414265
167 189 3 100 149278 2.000418026
123 281 3 100 51865 2.000424721
105 37 3 100 988116 2.000424899
313 122 3 100 4069007 2.000428465
139 22 3 100 3461116 2.000432409
140 5 3 100 35051 2.000464821
255 137 3 100 195484 2.000470008
187 52 3 100 1206010 2.000480233
208 245 3 100 22615 2.000481954
66 152 3 100 6392339 2.000482356
135 44 3 100 28196 2.000490398
46 282 3 100 410475 2.000502225
111 184 3 100 26790 2.000507506
1 307 3 100 69341 2.000524050
58 143 3 100 77614 2.000529082
291 34 3 100 2818496 2.000532763
210 103 3 100 4244554 2.000552304
240 169 3 100 13285 2.000555292
66 202 3 100 3770332 2.000557253
200 38 3 100 74277 2.000560672
81 110 3 100 4362 2.000576384
243 259 3 100 70108 2.000582409
209 96 3 100 38521 2.000583567
208 256 3 100 23402 2.000593461
308 15 3 100 6288 2.000594983
184 178 3 100 75996 2.000602291
237 149 3 100 38193 2.000603895
293 262 3 100 1247264 2.000604696
186 97 3 100 75836 2.000610306
69 153 3 100 18865 2.000615522
278 69 3 100 26349 2.000617146
75 130 3 100 52600 2.000620821
5 218 3 100 139433 2.000622409
207 47 3 100 14639 2.000622945
161 23 3 100 7262 2.000627027
122 187 3 100 585040 2.000627821
54 91 3 100 3504653 2.000628422
20 202 3 100 4694 2.000630725
212 273 3 100 49544 2.000636435
281 22 3 100 27924893 2.000638239
180 97 3 100 166827 2.000658416
88 208 3 100 1864544 2.000669171
50 77 3 100 74498 2.000674038
239 314 3 100 44261 2.000679016
100 72 3 100 48391 2.000690382
210 253 3 100 30896 2.000707378
36 31 3 100 24902 2.000707442
267 287 3 100 28390 2.000709580
32 307 3 100 3895 2.000718054
278 77 3 100 27328 2.000719803
119 231 3 100 2492311 2.000723939
149 213 3 100 8634 2.000726640
246 282 3 100 4661 2.000728420
120 305 3 100 7407 2.000730961
125 149 3 100 3719 2.000735112
96 195 3 100 106312 2.000743119
129 288 3 100 987056 2.000743361
131 289 3 100 27261100 2.000748031
314 177 3 100 538069 2.000753206
248 169 3 100 49730 2.000756713
266 192 3 100 12667708 2.000765069
254 301 3 100 461974 2.000771746
54 35 3 100 34460 2.000773753
196 243 3 100 38830 2.000774537
316 56 3 100 67111 2.000776716
99 84 3 100 364326 2.000785702
69 288 3 100 552609 2.000794689
149 207 3 100 2660685 2.000794727
197 229 3 100 3122760 2.000796258
294 70 3 100 25351 2.000801802
107 12 3 100 55818 2.000810554
316 280 3 100 1812692 2.000816114
259 67 3 100 3774691 2.000822130
146 99 3 100 7829 2.000826025
117 7 3 100 31032 2.000829999
310 8 3 100 71939 2.000830924
307 251 3 100 1426707 2.000831661
54 187 3 100 44379 2.000843230
28 270 3 100 20883 2.000843704
175 276 3 100 4916 2.000857489
251 22 3 100 2008 2.000857627
30 22 3 100 77281 2.000859179
231 23 3 100 8842 2.000861330
62 63 3 100 6357326 2.000875738
250 135 3 100 438035 2.000878139
18 52 3 100 6321 2.000878326
242 273 3 100 21635 2.000881083
92 297 3 100 2664 2.000887646
144 57 3 100 41051 2.000890331
313 228 3 100 51422 2.000890396
150 185 3 100 85357 2.000891205
61 72 3 100 22245 2.000891218
2 176 3 100 25850 2.000896124
238 179 3 100 1393024 2.000899045
184 158 3 100 1069997 2.000907499
76 26 3 100 4070729 2.000912782
111 276 3 100 1272349 2.000928704
316 259 3 100 100436 2.000930575
127 68 3 100 27178 2.000937727
270 52 3 100 8317339 2.000943367
125 311 3 100 59476 2.000947486
317 166 3 100 10090 2.000956164
208 199 3 100 47692 2.000966866
315 274 3 100 2531669 2.000976450
136 106 3 100 3004 2.000978003
190 132 3 100 1449 2.000990747
246 8 3 100 1211338 2.000991380
199 25 3 100 35864 2.000995049
317 102 3 100 1921469 2.001006318
70 166 3 100 35796 2.001007656
153 136 3 100 8315010 2.001030628
204 165 3 100 26030 2.001031531
296 81 3 100 72333 2.001033352
261 225 3 100 22869 2.001065553
93 232 3 100 1923 2.001068434
57 261 3 100 1124573 2.001070260
307 214 3 100 76262 2.001083237
253 255 3 100 170351 2.001086992
31 210 3 100 1508259 2.001090881
180 237 3 100 105291 2.001095908
134 182 3 100 425601 2.001098777
28 298 3 100 25195 2.001099253
57 114 3 100 63429 2.001105153
18 40 3 100 103005 2.001105304
238 245 3 100 7602 2.001108467
202 251 3 100 25721 2.001124411
226 156 3 100 28518 2.001133325
310 198 3 100 34708 2.001134097
47 274 3 100 48725 2.001134846
59 125 3 100 20735 2.001139868
145 279 3 100 65990 2.001155114
155 103 3 100 76598 2.001160237
38 3 3 100 192275 2.001160848
47 19 3 100 3792279 2.001170980
271 300 3 100 6788 2.001174347
151 224 3 100 4870608 2.001180190
183 55 3 100 201024 2.001182517
44 8 3 100 4870 2.001189784
312 137 3 100 27070 2.001191292
96 141 3 100 65663 2.001202063
183 147 3 100 29975 2.001213072
144 101 3 100 1486203 2.001214020
37 219 3 100 36186 2.001226348
269 111 3 100 1928268 2.001239025
167 240 3 100 41614 2.001246118
273 175 3 100 2488613 2.001251128
69 181 3 100 1982972 2.001252556
129 213 3 100 64947 2.001273300
242 77 3 100 285073 2.001293487
242 228 3 100 2707 2.001314676
207 4 3 100 22560 2.001323025
190 279 3 100 1180361 2.001330430
159 88 3 100 3590936 2.001336212
266 40 3 100 20373980 2.001341418
297 222 3 100 9831281 2.001347667
313 89 3 100 5795512 2.001364117
21 18 3 100 768415 2.001368075
79 49 3 100 47017 2.001387635
219 29 3 100 3910310 2.001389757
189 42 3 100 45016 2.001393051
107 94 3 100 846314 2.001396256
233 45 3 100 578796 2.001407466
140 16 3 100 1322809 2.001407804
96 17 3 100 848 2.001408173
18 141 3 100 2194 2.001418585
313 90 3 100 3562 2.001437610
112 297 3 100 3335700 2.001443143
123 15 3 100 958030 2.001445243
67 43 3 100 71416 2.001470268
32 154 3 100 40962 2.001471083
78 74 3 100 785547 2.001472859
66 22 3 100 947460 2.001474777
271 294 3 100 176233 2.001475573
152 246 3 100 59716 2.001479877
193 288 3 100 828921 2.001481350
111 178 3 100 598850 2.001486002
157 211 3 100 25401054 2.001497859
9 172 3 100 1281764 2.001498774
25 245 3 100 951621 2.001499564
153 33 3 100 3543070 2.001503619
136 217 3 100 27630348 2.001530971
107 264 3 100 2102926 2.001538597
102 164 3 100 7986 2.001544844
37 149 3 100 30147 2.001550394
305 207 3 100 931427 2.001552950
215 2 3 100 9061366 2.001555293
68 234 3 100 7319645 2.001556554
307 210 3 100 575409 2.001557084
24 260 3 100 159081 2.001558262
183 86 3 100 1895534 2.001560745
84 167 3 100 20476 2.001569661
264 162 3 100 7449 2.001577604
314 15 3 100 2841 2.001583294
108 137 3 100 733015 2.001587410
18 261 3 100 6462755 2.001591265
30 151 3 100 59684 2.001597884
118 29 3 100 75043 2.001607626
26 112 3 100 7408 2.001614528
162 244 3 100 38054 2.001623974
83 319 3 100 169650 2.001625382
219 140 3 100 384712 2.001628357
272 123 3 100 2759 2.001631270
88 264 3 100 9693160 2.001633658
300 15 3 100 7745 2.001637591
3 210 3 100 26657775 2.001667003
180 134 3 100 177890 2.001672179
1 193 3 100 22527 2.001684963
30 161 3 100 12492 2.001691085
292 57 3 100 28813 2.001700752
109 47 3 100 122080 2.001706313
221 222 3 100 76455 2.001706597
31 146 3 100 2287979 2.001709937
195 119 3 100 24719 2.001714296
289 274 3 100 959806 2.001724559
272 212 3 100 1566477 2.001725849
169 22 3 100 2495 2.001727724
301 257 3 100 28479 2.001737350
116 184 3 100 3231 2.001737899
53 136 3 100 72868 2.001744328
257 217 3 100 152122 2.001761706
133 202 3 100 508614 2.001769477
163 42 3 100 382535 2.001776488
14 276 3 100 27216 2.001779157
38 245 3 100 68393 2.001787091
133 307 3 100 10247 2.001790988
87 51 3 100 89330 2.001796414
167 204 3 100 54539 2.001804354
175 142 3 100 192744 2.001807613
305 19 3 100 3928545 2.001816792
249 65 3 100 161969 2.001819388
264 175 3 100 4938217 2.001826297
249 182 3 100 458979 2.001830335
307 162 3 100 104475 2.001840411
75 18 3 100 808767 2.001845740
280 132 3 100 950 2.001851496
125 205 3 100 985312 2.001869140
215 224 3 100 21622 2.001872229
55 198 3 100 57136 2.001879471
47 76 3 100 1082184 2.001895560
32 203 3 100 20646 2.001907650
185 108 3 100 1311266 2.001907924
172 277 3 100 28340 2.001925865
210 17 3 100 73836 2.001928249
239 12 3 100 237814 2.001930950
33 55 3 100 65741 2.001936902
271 211 3 100 2514728 2.001937591
152 27 3 100 7247916 2.001944370
202 319 3 100 604176 2.001949122
157 192 3 100 3483 2.001970281
110 294 3 100 109449 2.001975125
51 283 3 100 24343 2.001975420
166 176 3 100 9015147 2.001985370
190 256 3 100 19550 2.001990335
10 42 3 100 11510 2.001992481
168 111 3 100 1586191 2.001995145
241 3 3 100 62969 2.002008961
175 221 3 100 1935994 2.002010202
105 174 3 100 886868 2.002010613
193 292 3 100 6240 2.002011549
251 26 3 100 1787418 2.002012555
60 96 3 100 1127924 2.002016174
114 318 3 100 4965 2.002019019
298 146 3 100 28547917 2.002021274
239 143 3 100 12007 2.002027292
190 7 3 100 173680 2.002030922
64 36 3 100 25852210 2.002039905
44 16 3 100 239234 2.002048929
214 27 3 100 5826191 2.002062461
18 101 3 100 52481 2.002069811
236 58 3 100 515571 2.002073018
119 174 3 100 22337 2.002074364
145 243 3 100 44890 2.002078477
11 4 3 100 18764 2.002081192
211 52 3 100 28639 2.002091384
195 308 3 100 801777 2.002105484
43 220 3 100 3179 2.002113541
40 180 3 100 58077 2.002118428
315 271 3 100 19702 2.002132584
113 265 3 100 2655 2.002140725
163 31 3 100 10248 2.002150567
225 316 3 100 78079 2.002159906
114 205 3 100 429684 2.002160917
170 26 3 100 496030 2.002164757
35 96 3 100 62690 2.002168467
48 209 3 100 329275 2.002175215
179 262 3 100 21977 2.002181065
43 177 3 100 46944 2.002182926
82 236 3 100 335343 2.002183727
222 160 3 100 32773 2.002185650
220 100 3 100 79038 2.002186309
102 313 3 100 9486833 2.002186420
141 163 3 100 29611 2.002193799
198 22 3 100 14101 2.002196356
103 54 3 100 36460 2.002197187
311 250 3 100 53840 2.002198430
319 283 3 100 1138653 2.002207611
173 227 3 100 1939665 2.002218324
4 231 3 100 35053 2.002226379
43 309 3 100 51865 2.002228582
188 70 3 100 1565575 2.002234496
189 115 3 100 111692 2.002234511
190 170 3 100 41506 2.002235285
1 43 3 100 77270 2.002249950
124 207 3 100 1864115 2.002252894
140 47 3 100 23941 2.002264086
113 20 3 100 58529 2.002280309
120 45 3 100 45051 2.002286548
98 126 3 100 1900750 2.002287808
297 153 3 100 1571738 2.002306483
281 278 3 100 2630920 2.002309878
154 118 3 100 4141 2.002314864
183 298 3 100 190203 2.002322758
51 84 3 100 69224 2.002331260
71 48 3 100 130643 2.002335020
157 148 3 100 50324 2.002335472
239 40 3 100 44883 2.002355567
95 31 3 100 193836 2.002357506
274 90 3 100 74494 2.002370132
178 286 3 100 932988 2.002371930
169 4 3 100 886092 2.002373310
213 82 3 100 51163 2.002380794
162 306 3 100 40881 2.002382413
6 192 3 100 69217 2.002413286
79 303 3 100 81070 2.002415538
302 297 3 100 9081581 2.002416316
274 282 3 100 77464 2.002416393
184 194 3 100 490 2.002422561
315 85 3 100 131174 2.002432391
313 271 3 100 47110 2.002437665
222 93 3 100 11494 2.002439848
261 37 3 100 69058 2.002451857
290 257 3 100 1372 2.002471649
234 57 3 100 733211 2.002472920
90 133 3 100 52470 2.002473017
309 14 3 100 314204 2.002480580
156 14 3 100 76436 2.002482252
191 113 3 100 33781 2.002485737
85 222 3 100 2511560 2.002494729
48 213 3 100 56931 2.002504154
56 8 3 100 7662 2.002509048
276 169 3 100 756459 2.002517971
237 152 3 100 4788269 2.002518503
0 11 3 100 30560 2.002520947
174 309 3 100 5482579 2.002525880
62 143 3 100 561088 2.002528691
100 153 3 100 7281 2.002545137
19 234 3 100 519456 2.002547973
236 87 3 100 896098 2.002553609
210 221 3 100 930321 2.002556844
38 153 3 100 44400 2.002566503
6 184 3 100 79305 2.002570431
43 256 3 100 541638 2.002574014
198 247 3 100 60819 2.002589614
215 132 3 100 23326 2.002590340
190 233 3 100 2546 2.002592870
160 106 3 100 44533 2.002596082
88 73 3 100 6857107 2.002605896
166 215 3 100 1918859 2.002612762
318 317 3 100 1807604 2.002630750
228 275 3 100 630280 2.002640960
293 134 3 100 856033 2.002649052
307 293 3 100 201955 2.002655868
227 220 3 100 16667 2.002669667
250 76 3 100 1352 2.002673754
48 45 3 100 46405 2.002691681
18 44 3 100 6942548 2.002691692
149 17 3 100 8157 2.002703088
161 317 3 100 104392 2.002706751
202 1 3 100 8598403 2.002708207
231 204 3 100 58164 2.002708986
94 28 3 100 75399 2.002714687
136 186 3 100 657487 2.002717546
180 25 3 100 101974 2.002724114
74 227 3 100 95747 2.002733250
60 185 3 100 1771 2.002743759
176 183 3 100 9547 2.002762596
98 278 3 100 68343 2.002775247
238 229 3 100 185037 2.002779565
11 221 3 100 2982 2.002784774
265 36 3 100 23004 2.002790119
217 27 3 100 4747900 2.002792344
157 251 3 100 6402054 2.002793277
313 191 3 100 544362 2.002796808
227 318 3 100 26535 2.002806193
98 227 3 100 133004 2.002808772
162 316 3 100 2320788 2.002812829
57 97 3 100 22861 2.002814698
43 240 3 100 34581 2.002815842
219 100 3 100 47272 2.002822730
159 122 3 100 7419 2.002823879
80 306 3 100 979402 2.002826361
89 120 3 100 73755 2.002827044
27 22 3 100 74176 2.002830214
303 115 3 100 13265 2.002830622
74 98 3 100 25645 2.002836975
156 68 3 100 68115 2.002840398
190 302 3 100 1904734 2.002859021
67 181 3 100 87185 2.002861103
165 133 3 100 30365 2.002862176
298 186 3 100 2833 2.002873439
5 269 3 100 163381 2.002875575
61 314 3 100 1363862 2.002877404
23 170 3 100 8341 2.002886123
152 104 3 100 1036668 2.002889864
186 254 3 100 28171 2.002900901
100 91 3 100 71862 2.002903144
167 295 3 100 28398 2.002912514
218 184 3 100 15767 2.002913818
114 125 3 100 7920631 2.002915844
57 280 3 100 72433 2.002924684
226 62 3 100 5448934 2.002927778
239 119 3 100 3074 2.002928760
101 262 3 100 28059 2.002954982
101 103 3 100 1600739 2.002964758
154 210 3 100 3430116 2.002971945
253 86 3 100 78387 2.002983014
40 287 3 100 10898 2.002984377
230 69 3 100 2286866 2.002986387
129 233 3 100 2763414 2.002989083
58 212 3 100 7124848 2.002997918
276 130 3 100 1672535 2.003004518
257 135 3 100 17717 2.003023894
280 200 3 100 1576160 2.003025138
121 264 3 100 56531 2.003037263
285 240 3 100 6581 2.003042862
17 99 3 100 8341 2.003043749
235 191 3 100 8714673 2.003047290
25 141 3 100 28217 2.003055940
60 106 3 100 52100 2.003060859
310 242 3 100 103668 2.003071870
184 313 3 100 4925070 2.003087059
24 308 3 100 5248 2.003101686
177 20 3 100 44394 2.003107088
57 273 3 100 660264 2.003120374
265 5 3 100 187593 2.003136299
200 303 3 100 30013 2.003142704
210 62 3 100 2439657 2.003153532
246 82 3 100 24140 2.003165650
117 259 3 100 661927 2.003165764
311 197 3 100 27239 2.003165925
242 1 3 100 23381 2.003166021
2 142 3 100 167627 2.003169427
29 112 3 100 6869644 2.003178864
18 242 3 100 33026 2.003184754
77 144 3 100 79450 2.003197378
109 0 3 100 10717 2.003204754
152 3 3 100 31069 2.003206403
277 168 3 100 3350845 2.003207661
190 214 3 100 1541925 2.003208304
56 229 3 100 1717470 2.003209105
299 271 3 100 68150 2.003209803
202 172 3 100 26891594 2.003220400
134 87 3 100 1749 2.003220986
167 60 3 100 5199 2.003224740
202 185 3 100 24420874 2.003229329
55 247 3 100 57264 2.003232565
140 138 3 100 17346 2.003244434
315 24 3 100 609088 2.003244878
243 248 3 100 991 2.003245865
71 116 3 100 69405 2.003246700
122 18 3 100 4992794 2.003259330
145 18 3 100 29395 2.003268222
218 233 3 100 52918 2.003284186
148 139 3 100 5993 2.003286289
246 30 3 100 45848 2.003291944
296 159 3 100 28950 2.003307497
254 63 3 100 2355690 2.003310567
128 318 3 100 1482 2.003317167
174 275 3 100 9619309 2.003319739
154 159 3 100 1617085 2.003324819
256 303 3 100 719353 2.003339106
144 230 3 100 20011 2.003343702
10 306 3 100 169745 2.003353953
48 33 3 100 27030543 2.003356909
49 180 3 100 21963 2.003363556
46 249 3 100 29726 2.003365788
95 267 3 100 59377 2.003366528
166 33 3 100 163783 2.003371832
135 306 3 100 128707 2.003371933
264 299 3 100 318 2.003374242
182 119 3 100 12963 2.003374433
137 37 3 100 4260691 2.003379847
289 57 3 100 392662 2.003398902
61 27 3 100 50517 2.003403170
7 102 3 100 912 2.003403757
6 274 3 100 1180988 2.003412748
48 79 3 100 261223 2.003415804
116 61 3 100 9703743 2.003424337
237 305 3 100 527384 2.003434389
151 86 3 100 6845 2.003441042
161 122 3 100 144045 2.003446098
214 260 3 100 18612 2.003446491
219 318 3 100 19737 2.003452499
214 127 3 100 61014 2.003463835
219 75 3 100 26247 2.003479399
191 285 3 100 28105 2.003488317
126 247 3 100 286502 2.003488656
60 104 3 100 24524 2.003491274
101 2 3 100 15631 2.003495846
187 166 3 100 163334 2.003501720
210 242 3 100 3755159 2.003536917
267 265 3 100 313368 2.003543873
30 180 3 100 1723106 2.003560680
204 70 3 100 24647 2.003560774
232 28 3 100 25141 2.003561629
203 233 3 100 27908718 2.003561772
68 94 3 100 28596 2.003569935
303 2 3 100 34374 2.003616308
216 40 3 100 14462 2.003624173
105 82 3 100 25607 2.003639319
226 206 3 100 6909967 2.003650328
249 133 3 100 4430573 2.003654626
18 223 3 100 2996 2.003654954
48 171 3 100 52703 2.003655537
5 159 3 100 687610 2.003658295
158 211 3 100 12823693 2.003660576
107 238 3 100 2160518 2.003666519
169 168 3 100 4342457 2.003671394
204 86 3 100 7279 2.003679622
65 279 3 100 59881 2.003684754
27 39 3 100 1497520 2.003693048
162 177 3 100 8646147 2.003699942
292 175 3 100 505623 2.003700359
203 306 3 100 122834 2.003702748
284 315 3 100 879606 2.003705384
252 10 3 100 8154688 2.003718383
274 232 3 100 74506 2.003719995
115 122 3 100 34221 2.003721658
31 266 3 100 636928 2.003730270
275 124 3 100 1444 2.003730581
213 179 3 100 160841 2.003736252
10 52 3 100 2542332 2.003751899
282 204 3 100 23132 2.003761353
179 62 3 100 1432922 2.003764427
306 179 3 100 2172570 2.003765915
180 289 3 100 9554 2.003766723
167 298 3 100 37493 2.003783101
201 58 3 100 2934416 2.003788352
44 7 3 100 57260 2.003795635
88 23 3 100 29553 2.003797321
261 255 3 100 1014682 2.003797534
202 50 3 100 5889850 2.003798084
168 61 3 100 2120489 2.003798606
48 40 3 100 47365 2.003799491
7 272 3 100 11002305 2.003813075
51 28 3 100 25191 2.003815052
109 120 3 100 71751 2.003825861
72 3 3 100 27580 2.003826051
202 275 3 100 28444118 2.003830230
9 67 3 100 29050619 2.003837993
101 285 3 100 10358 2.003838213
88 142 3 100 8460210 2.003843015
6 268 3 100 21569 2.003851015
128 107 3 100 54644 2.003856390
244 271 3 100 741205 2.003859604
242 160 3 100 27635 2.003866764
163 130 3 100 23256 2.003883982
283 92 3 100 171309 2.003912910
61 182 3 100 1869663 2.003915264
318 246 3 100 26224 2.003918403
52 174 3 100 778315 2.003919269
136 45 3 100 8320 2.003919380
283 118 3 100 3232864 2.003933996
319 169 3 100 2811753 2.003938443
32 95 3 100 41167 2.003944442
309 186 3 100 16267909 2.003951951
198 41 3 100 14670 2.003966044
83 243 3 100 5174421 2.003967184
271 233 3 100 6102948 2.003986254
133 255 3 100 9843610 2.003986655
103 8 3 100 43189 2.003988500
39 289 3 100 1415294 2.003989229
176 296 3 100 2006 2.003992430
65 5 3 100 5415556 2.003993644
133 14 3 100 21943 2.003998509
211 141 3 100 79288 2.004029510
118 181 3 100 130904 2.004031337
157 309 3 100 21398 2.004045704
287 183 3 100 7709693 2.004046632
2 145 3 100 36539 2.004060684
242 247 3 100 19487 2.004065015
32 70 3 100 191831 2.004078734
109 93 3 100 26789 2.004082206
54 194 3 100 2491528 2.004092427
170 281 3 100 146744 2.004096879
76 178 3 100 27318 2.004099980
279 30 3 100 60498 2.004102787
8 155 3 100 14115 2.004112544
224 17 3 100 1798629 2.004117886
32 249 3 100 39388 2.004120132
228 89 3 100 114623 2.004127138
138 36 3 100 3502434 2.004131420
172 94 3 100 7343547 2.004133875
67 126 3 100 3110715 2.004137431
298 254 3 100 6197328 2.004140631
264 155 3 100 613987 2.004143088
54 185 3 100 2525 2.004145726
6 232 3 100 9888679 2.004149790
129 74 3 100 1707429 2.004152852
177 152 3 100 17371 2.004153596
258 50 3 100 58276 2.004172858
3 36 3 100 4644718 2.004175588
228 51 3 100 1263493 2.004176997
131 136 3 100 8182 2.004181844
52 212 3 100 468160 2.004191728
107 218 3 100 71582 2.004201114
80 102 3 100 1985372 2.004203087
289 161 3 100 89857 2.004203534
28 211 3 100 20123371 2.004210985
161 189 3 100 66396 2.004215147
9 189 3 100 6809 2.004225272
188 215 3 100 1595800 2.004226624
160 119 3 100 162860 2.004230437
156 215 3 100 4902991 2.004242955
202 174 3 100 1454535 2.004243907
291 139 3 100 413574 2.004245497
256 268 3 100 587714 2.004250563
77 175 3 100 61388 2.004267656
7 188 3 100 61752 2.004273318
262 310 3 100 55465 2.004284398
25 119 3 100 9986 2.004292439
69 30 3 100 2846 2.004302077
238 196 3 100 19417688 2.004338246
161 227 3 100 21400 2.004339422
62 140 3 100 41301 2.004339777
14 314 3 100 20381 2.004344324
132 111 3 100 5880 2.004366213
178 3 3 100 2532022 2.004374864
236 190 3 100 8813599 2.004377703
21 227 3 100 71934 2.004379923
57 232 3 100 86519 2.004396566
153 181 3 100 7308 2.004419670
86 60 3 100 7823068 2.004422094
237 298 3 100 2739793 2.004423068
52 219 3 100 610 2.004433343
149 276 3 100 1547292 2.004439958
219 64 3 100 997993 2.004446213
24 294 3 100 3505 2.004446373
222 108 3 100 2669594 2.004460107
167 252 3 100 2775365 2.004462235
161 232 3 100 20235 2.004465370
42 280 3 100 5977909 2.004483323
32 238 3 100 924441 2.004485916
213 113 3 100 95610 2.004488020
302 274 3 100 6317 2.004499516
231 189 3 100 21594 2.004500439
158 172 3 100 5282 2.004508058
177 71 3 100 21515 2.004524597
217 213 3 100 9882 2.004525421
124 236 3 100 67530 2.004526249
8 208 3 100 95334 2.004542873
185 194 3 100 1740527 2.004567196
275 218 3 100 8694391 2.004586563
308 261 3 100 1625041 2.004586626
274 300 3 100 69038 2.004593968
173 194 3 100 5336 2.004613245
79 296 3 100 49508 2.004616094
125 57 3 100 2338 2.004621448
217 302 3 100 7122 2.004626629
200 93 3 100 1212256 2.004631149
290 260 3 100 101481 2.004636703
223 253 3 100 56190 2.004637586
44 305 3 100 778002 2.004647946
196 139 3 100 6467949 2.004652453
70 291 3 100 53997 2.004661881
319 271 3 100 199082 2.004662762
157 249 3 100 8941561 2.004662886
57 301 3 100 5938 2.004664742
17 273 3 100 283 2.004669416
174 184 3 100 8349 2.004673648
122 79 3 100 382 2.004680590
3 21 3 100 26881 2.004681385
31 55 3 100 348046 2.004688952
1 78 3 100 25088 2.004693660
150 177 3 100 86276 2.004700895
223 137 3 100 4586373 2.004719448
259 7 3 100 9042 2.004732890
67 5 3 100 1286661 2.004735333
244 164 3 100 983142 2.004739842
42 201 3 100 1344629 2.004740380
39 284 3 100 2563 2.004741457
229 178 3 100 22530 2.004742435
239 272 3 100 9687 2.004754084
21 168 3 100 5579 2.004755054
59 0 3 100 21211 2.004756411
250 142 3 100 9683789 2.004769517
208 50 3 100 49741 2.004775544
254 184 3 100 19193 2.004776504
105 104 3 100 45032 2.004779099
12 247 3 100 1604354 2.004790177
280 256 3 100 40688 2.004790944
91 242 3 100 592253 2.004794379
148 300 3 100 19389 2.004801897
182 68 3 100 20653 2.004803285
48 317 3 100 1731 2.004818923
96 133 3 100 29920 2.004828036
12 105 3 100 880628 2.004833947
14 85 3 100 91711 2.004840507
185 135 3 100 68132 2.004841585
118 302 3 100 5470443 2.004842699
83 75 3 100 4699366 2.004852845
143 243 3 100 2654048 2.004856990
253 193 3 100 75748 2.004857145
3 96 3 100 26297 2.004857159
100 272 3 100 46100 2.004859715
208 158 3 100 4459326 2.004864739
317 18 3 100 10091 2.004893140
278 197 3 100 520816 2.004895025
193 44 3 100 9410700 2.004896921
86 44 3 100 21494 2.004903945
137 246 3 100 5373418 2.004911325
249 31 3 100 53242 2.004913356
78 175 3 100 4575476 2.004917608
201 2 3 100 10678 2.004923934
112 121 3 100 4434453 2.004927775
241 267 3 100 1965573 2.004941708
116 128 3 100 32540 2.004948015
294 9 3 100 632598 2.004955615
299 183 3 100 1855082 2.004972959
50 81 3 100 79545 2.004980292
153 31 3 100 1353663 2.004983763
182 124 3 100 792508 2.004995062
88 3 3 100 8024 2.005004179
297 42 3 100 9957 2.005016803
51 174 3 100 800137 2.005017854
157 58 3 100 6408 2.005022893
100 274 3 100 1303559 2.005027069
44 137 3 100 48210 2.005044460
173 81 3 100 4138268 2.005044718
131 229 3 100 777639 2.005048967
293 185 3 100 38450 2.005050123
183 63 3 100 19532 2.005058533
40 144 3 100 21777 2.005085088
153 178 3 100 129157 2.005090946
49 40 3 100 4257206 2.005091773
259 70 3 100 2162397 2.005106960
46 93 3 100 1553336 2.005119139
273 195 3 100 40716 2.005119950
228 316 3 100 43445 2.005132805
230 33 3 100 50433 2.005142035
28 196 3 100 161445 2.005149143
106 60 3 100 3893 2.005156397
53 287 3 100 63788 2.005158309
238 284 3 100 60068 2.005180296
80 225 3 100 1058203 2.005190849
140 93 3 100 1956617 2.005196390
237 21 3 100 1606603 2.005197545
313 246 3 100 65304 2.005202033
88 313 3 100 21162 2.005207284
158 273 3 100 3565361 2.005207628
253 63 3 100 35069 2.005208230
3 111 3 100 20339 2.005209252
255 301 3 100 26 2.005222553
215 294 3 100 39229 2.005232141
226 96 3 100 4131868 2.005232300
139 206 3 100 6282319 2.005239522
225 162 3 100 815194 2.005246250
230 268 3 100 19944 2.005250021
117 15 3 100 8774827 2.005253464
271 245 3 100 563739 2.005256917
241 29 3 100 813734 2.005258627
138 236 3 100 731 2.005265105
157 146 3 100 532 2.005267480
76 183 3 100 1006409 2.005275023
134 154 3 100 7892112 2.005278979
125 7 3 100 6018512 2.005285440
84 205 3 100 44314 2.005287369
300 288 3 100 4914 2.005288862
218 79 3 100 40063 2.005298529
69 112 3 100 77359 2.005308813
166 10 3 100 24138 2.005319191
264 59 3 100 21653 2.005320303
220 123 3 100 76808 2.005320628
211 91 3 100 3496205 2.005330030
44 189 3 100 106897 2.005340394
70 61 3 100 8654 2.005346779
105 69 3 100 3787229 2.005352563
25 229 3 100 18098 2.005364510
20 266 3 100 12086 2.005366851
309 174 3 100 540179 2.005368627
34 110 3 100 195600 2.005375713
180 156 3 100 14929066 2.005382345
194 253 3 100 9614822 2.005382854
271 265 3 100 636668 2.005388750
205 293 3 100 2542 2.005389825
181 130 3 100 2539 2.005407948
39 24 3 100 38183 2.005410230
213 134 3 100 803458 2.005417459
67 231 3 100 76672 2.005422728
260 312 3 100 28273 2.005447027
255 36 3 100 3349527 2.005456233
115 145 3 100 21837 2.005459802
88 279 3 100 26422 2.005460624
84 12 3 100 63955 2.005462339
140 169 3 100 3059 2.005464468
274 26 3 100 4781 2.005465538
121 280 3 100 115559 2.005480638
136 48 3 100 1338538 2.005489351
223 246 3 100 56933 2.005501326
290 4 3 100 22423 2.005509288
25 11 3 100 1310615 2.005516454
79 258 3 100 1274079 2.005528241
11 104 3 100 926559 2.005531838
38 139 3 100 131945 2.005534238
223 178 3 100 20548047 2.005552310
300 125 3 100 3412 2.005565527
304 169 3 100 37341 2.005567612
40 195 3 100 123984 2.005571478
278 80 3 100 21000 2.005573584
212 237 3 100 38139 2.005585978
224 240 3 100 1368630 2.005604608
77 295 3 100 19191 2.005630227
64 207 3 100 889 2.005644132
47 104 3 100 26184 2.005650472
311 184 3 100 48079 2.005655275
60 218 3 100 77239 2.005669197
61 156 3 100 325839 2.005672980
208 47 3 100 2552607 2.005675716
276 67 3 100 41315 2.005677860
195 313 3 100 18469 2.005694102
262 159 3 100 9799 2.005694120
299 204 3 100 993142 2.005698218
226 268 3 100 20584 2.005699870
19 261 3 100 16071 2.005709663
190 315 3 100 53517 2.005711296
31 231 3 100 35160 2.005712925
14 89 3 100 804348 2.005717591
46 92 3 100 2387978 2.005718391
303 203 3 100 47787 2.005722275
6 308 3 100 395348 2.005736383
298 195 3 100 7944000 2.005738234
150 34 3 100 25794 2.005738457
308 235 3 100 3989491 2.005739857
12 47 3 100 414491 2.005744096
135 190 3 100 71185 2.005751299
313 205 3 100 1556387 2.005754079
69 196 3 100 91806 2.005760380
233 150 3 100 12149 2.005761867
188 195 3 100 7686 2.005777246
23 300 3 100 40050 2.005780781
134 47 3 100 284202 2.005781475
122 27 3 100 22883 2.005792274
19 305 3 100 9771 2.005797368
317 269 3 100 43135 2.005818693
190 14 3 100 3803757 2.005819985
174 166 3 100 1958877 2.005823682
79 216 3 100 24955 2.005828125
122 211 3 100 391152 2.005830519
291 9 3 100 18325 2.005836666
169 177 3 100 1752687 2.005853035
46 264 3 100 1637 2.005862011
167 186 3 100 1353523 2.005870709
210 249 3 100 81999 2.005896164
198 143 3 100 18864 2.005900107
61 4 3 100 4999143 2.005913875
166 75 3 100 6718 2.005922164
240 138 3 100 6085973 2.005922856
174 203 3 100 3336598 2.005923432
295 298 3 100 24110 2.005931754
95 237 3 100 74639 2.005935389
42 315 3 100 9675 2.005935810
159 76 3 100 68401 2.005937587
228 302 3 100 2399715 2.005943072
169 201 3 100 18545 2.005947774
243 77 3 100 12064 2.005953436
300 45 3 100 1724637 2.005960861
218 135 3 100 162279 2.005961865
29 98 3 100 26317 2.005963221
214 231 3 100 3391991 2.005986408
199 289 3 100 8454278 2.005996765
132 245 3 100 29609 2.006002474
234 126 3 100 1500357 2.006019426
148 2 3 100 1712909 2.006026887
11 177 3 100 4467584 2.006028831
34 180 3 100 11633 2.006042212
13 246 3 100 75444 2.006051693
121 149 3 100 737211 2.006052192
23 41 3 100 8176765 2.006056073
281 261 3 100 64784 2.006060609
33 220 3 100 4154403 2.006064027
42 70 3 100 66293 2.006065220
73 64 3 100 21723821 2.006068338
244 237 3 100 5064 2.006072897
125 18 3 100 45516 2.006087988
314 149 3 100 2207 2.006095043
311 236 3 100 33334 2.006097537
189 240 3 100 8358836 2.006102239
290 51 3 100 6594 2.006112194
38 149 3 100 55460 2.006117767
105 39 3 100 55265 2.006118995
273 162 3 100 4184861 2.006119913
3 117 3 100 15398781 2.006131695
167 19 3 100 3033402 2.006141174
67 220 3 100 2632152 2.006147232
165 69 3 100 41182 2.006156056
88 18 3 100 2884785 2.006166151
184 166 3 100 7567125 2.006175803
291 154 3 100 7002 2.006177861
155 139 3 100 51562 2.006187271
145 201 3 100 1456597 2.006190077
80 44 3 100 29716 2.006197027
240 255 3 100 1706152 2.006197726
151 235 3 100 7129 2.006198401
265 272 3 100 682962 2.006206302
289 271 3 100 22554 2.006211105
199 304 3 100 21340 2.006214477
89 137 3 100 2657118 2.006215043
33 237 3 100 5486906 2.006215763
259 265 3 100 28582 2.006216540
169 64 3 100 41189 2.006221614
137 315 3 100 30812 2.006222220
142 192 3 100 839972 2.006240225
275 276 3 100 40955 2.006240556
261 34 3 100 32158 2.006242193
148 250 3 100 9687 2.006249224
144 160 3 100 72002 2.006256382
272 202 3 100 55596 2.006261164
253 53 3 100 7827 2.006262296
31 318 3 100 27233 2.006264119
160 108 3 100 100676 2.006268964
214 23 3 100 11868 2.006274773
135 59 3 100 1095703 2.006275531
155 66 3 100 49233 2.006283829
87 76 3 100 26418 2.006295538
80 19 3 100 2738434 2.006302719
180 253 3 100 179886 2.006325069
176 265 3 100 2841356 2.006334378
193 135 3 100 8838937 2.006335378
271 66 3 100 260593 2.006340174
96 215 3 100 64712 2.006348301
30 239 3 100 8758790 2.006350488
76 110 3 100 1948994 2.006358102
159 94 3 100 6279038 2.006358234
293 44 3 100 5000658 2.006376284
5 181 3 100 1153725 2.006379177
143 180 3 100 1777 2.006381278
293 287 3 100 73960 2.006387658
167 244 3 100 4221785 2.006389528
210 263 3 100 3265141 2.006425690
258 223 3 100 47103 2.006435821
189 177 3 100 28823 2.006442113
170 278 3 100 26268 2.006461399
153 84 3 100 1528274 2.006462485
311 52 3 100 7628123 2.006467375
236 286 3 100 25721 2.006475077
280 8 3 100 7438 2.006479664
180 114 3 100 6923 2.006496268
88 291 3 100 1210572 2.006502597
295 183 3 100 513337 2.006507434
51 57 3 100 55062 2.006524826
67 242 3 100 4546 2.006528418
217 121 3 100 179275 2.006528631
136 286 3 100 47514 2.006530108
118 46 3 100 8309 2.006534808
271 237 3 100 1545 2.006545333
33 286 3 100 1909880 2.006548179
286 90 3 100 3568620 2.006561874
29 141 3 100 1113060 2.006565140
124 309 3 100 115087 2.006572688
82 177 3 100 21497 2.006575199
302 50 3 100 585889 2.006578952
260 316 3 100 2419784 2.006583481
65 49 3 100 53827 2.006584256
209 25 3 100 5640 2.006590850
269 34 3 100 54442 2.006599056
174 126 3 100 39515 2.006599381
120 256 3 100 7709 2.006604059
259 163 3 100 542 2.006611761
274 163 3 100 31929 2.006629046
211 129 3 100 999536 2.006633516
20 294 3 100 15083 2.006634963
158 133 3 100 6017376 2.006665360
166 292 3 100 12971 2.006669526
40 115 3 100 48696 2.006671377
212 241 3 100 4149091 2.006682119
302 1 3 100 9014989 2.006703095
301 272 3 100 84386 2.006705088
276 13 3 100 27649 2.006713469
173 165 3 100 889554 2.006727893
157 312 3 100 29846 2.006736333
176 83 3 100 438449 2.006743253
2 47 3 100 1794 2.006744050
208 222 3 100 35154 2.006747581
304 306 3 100 3853484 2.006751952
264 64 3 100 14958 2.006761436
196 25 3 100 77844 2.006767404
65 306 3 100 1348684 2.006783603
72 138 3 100 5037 2.006783679
95 222 3 100 815477 2.006813017
140 300 3 100 838579 2.006830054
258 7 3 100 2641384 2.006841287
0 244 3 100 17937 2.006841880
50 196 3 100 2844 2.006845267
225 240 3 100 767083 2.006847345
56 187 3 100 166315 2.006852869
0 62 3 100 43835 2.006854180
34 113 3 100 490499 2.006858594
237 81 3 100 7980277 2.006863193
69 153 3 100 53776 2.006869790
188 223 3 100 1346308 2.006894005
177 35 3 100 2029839 2.006899476
38 216 3 100 4294 2.006900961
194 201 3 100 4924 2.006906299
174 7 3 100 23358 2.006919055
294 53 3 100 148830 2.006925122
236 231 3 100 47665 2.006943067
299 61 3 100 60023 2.006945529
305 128 3 100 68267 2.006955343
233 88 3 100 45777 2.006962512
278 112 3 100 48942 2.006992992
20 194 3 100 4311816 2.006995103
234 281 3 100 19829 2.007008880
100 137 3 100 22961 2.007010437
42 201 3 100 1137168 2.007033208
240 166 3 100 74926 2.007060164
164 134 3 100 1738 2.007069759
59 232 3 100 29239021 2.007083071
314 203 3 100 5335445 2.007086927
300 87 3 100 75639 2.007088053
96 275 3 100 919155 2.007094938
214 15 3 100 25633 2.007098669
0 185 3 100 1791855 2.007106794
99 165 3 100 1436088 2.007108608
24 120 3 100 50118 2.007111942
271 114 3 100 1640930 2.007118527
140 172 3 100 3056 2.007120016
300 290 3 100 22055 2.007124343
192 274 3 100 42377 2.007136824
144 211 3 100 366156 2.007136931
126 171 3 100 27895 2.007153089
200 300 3 100 7992714 2.007157378
144 185 3 100 298 2.007158707
65 20 3 100 10017 2.007161045
304 205 3 100 180788 2.007165555
19 1 3 100 2470 2.007188421
105 300 3 100 271611 2.007203792
225 214 3 100 73224 2.007205634
42 2 3 100 1787028 2.007223129
9 94 3 100 5425287 2.007224487
63 7 3 100 10354 2.007229949
135 146 3 100 64081 2.007232059
0 316 3 100 298857 2.007234460
108 20 3 100 3788670 2.007234785
68 26 3 100 39039 2.007236566
36 99 3 100 888454 2.007248512
104 116 3 100 1760875 2.007256249
25 0 3 100 44311 2.007265847
120 38 3 100 4208480 2.007282166
30 171 3 100 16725 2.007296747
294 76 3 100 20564 2.007307629
66 122 3 100 1017511 2.007316801
249 265 3 100 6539149 2.007317063
174 14 3 100 51915 2.007317218
264 16 3 100 1839986 2.007332179
5 19 3 100 31294 2.007336132
193 110 3 100 4721173 2.007353820
18 223 3 100 1584554 2.007373889
235 35 3 100 1228117 2.007374674
73 49 3 100 27682 2.007394291
173 177 3 100 4900896 2.007394762
317 179 3 100 90595 2.007404586
312 226 3 100 16409 2.007409511
20 189 3 100 7856851 2.007418762
142 138 3 100 12576680 2.007431149
6 154 3 100 111310 2.007444937
58 233 3 100 41082 2.007468117
310 276 3 100 100089 2.007474263
6 176 3 100 16935647 2.007478783
257 198 3 100 2480 2.007487105
114 35 3 100 118047 2.007487336
6 319 3 100 15938649 2.007493733
294 14 3 100 59531 2.007509949
282 10 3 100 74569 2.007524094
107 317 3 100 33123 2.007527980
271 166 3 100 745998 2.007538922
245 286 3 100 28625 2.007549507
71 254 3 100 1823818 2.007550378
237 208 3 100 15640 2.007561699
84 246 3 100 20562 2.007571703
313 18 3 100 74588 2.007584017
259 206 3 100 26605917 2.007588095
25 2 3 100 45636 2.007608417
95 119 3 100 138654 2.007611239
157 105 3 100 67136 2.007611925
295 306 3 100 25667 2.007612411
66 199 3 100 8428 2.007616284
18 300 3 100 61942 2.007616782
133 114 3 100 2939434 2.007618627
197 131 3 100 13588 2.007618995
38 297 3 100 4457 2.007625345
167 58 3 100 51947 2.007637712
78 208 3 100 353575 2.007637736
275 173 3 100 632530 2.007658441
193 267 3 100 1577730 2.007667484
281 114 3 100 8660 2.007672454
257 24 3 100 7182 2.007674533
24 196 3 100 6552840 2.007677293
241 47 3 100 5035843 2.007682286
10 282 3 100 24984 2.007703735
9 121 3 100 7211530 2.007710886
229 72 3 100 3088192 2.007719285
136 39 3 100 20159 2.007728579
112 68 3 100 4657 2.007737505
20 93 3 100 53524 2.007744624
139 33 3 100 285345 2.007745113
12 270 3 100 21094030 2.007760645
256 21 3 100 76359 2.007776413
35 113 3 100 62601 2.007786778
35 105 3 100 41433 2.007796100
3 22 3 100 224 2.007798718
158 221 3 100 13153 2.007802878
4 282 3 100 66798 2.007810080
255 108 3 100 31928 2.007821255
272 7 3 100 61751 2.007822700
194 17 3 100 4317 2.007836305
161 123 3 100 48417 2.007844555
25 276 3 100 29099 2.007851292
281 20 3 100 60907 2.007854454
233 64 3 100 7922151 2.007854865
261 124 3 100 7269795 2.007857318
310 122 3 100 14908 2.007866057
245 150 3 100 18516 2.007875474
46 304 3 100 179777 2.007877543
281 89 3 100 27823 2.007878212
0 23 3 100 3705 2.007893554
230 251 3 100 9777459 2.007919024
299 7 3 100 1739893 2.007919976
0 56 3 100 750231 2.007921593
56 142 3 100 70606 2.007959972
136 274 3 100 2820157 2.007968238
142 93 3 100 8290368 2.007975115
20 284 3 100 41364 2.007975205
174 283 3 100 13169 2.007991864
72 265 3 100 93019 2.007994660
164 94 3 100 653181 2.008000738
135 0 3 100 2724747 2.008026340
278 201 3 100 3564 2.008031939
47 12 3 100 62591 2.008033445
199 205 3 100 74484 2.008045139
298 79 3 100 25113 2.008046025
234 262 3 100 105076 2.008050038
59 181 3 100 62024 2.008055785
9 298 3 100 21203 2.008068711
220 196 3 100 3094480 2.008071587
297 123 3 100 9314 2.008089183
77 55 3 100 60519 2.008093739
160 174 3 100 73689 2.008132773
69 225 3 100 1143244 2.008132807
81 41 3 100 103495 2.008133143
142 178 3 100 8589 2.008138326
167 241 3 100 7186437 2.008153621
85 304 3 100 70851 2.008155548
209 216 3 100 69202 2.008157689
234 150 3 100 13165 2.008162825
205 61 3 100 197977 2.008178837
314 146 3 100 2734549 2.008195526
311 206 3 100 1418374 2.008198000
199 15 3 100 26549 2.008201321
192 33 3 100 555640 2.008213146
311 25 3 100 15818 2.008215021
313 296 3 100 8108777 2.008215959
160 319 3 100 45112 2.008219640
55 208 3 100 4324 2.008224160
108 168 3 100 1513191 2.008242373
167 284 3 100 55338 2.008243079
235 210 3 100 61587 2.008251460
298 92 3 100 59567 2.008257338
116 17 3 100 7626789 2.008261215
196 55 3 100 14552 2.008262349
176 110 3 100 1803 2.008268606
208 188 3 100 1008330 2.008272039
67 289 3 100 8073805 2.008274345
235 216 3 100 46369 2.008281372
273 309 3 100 1752133 2.008290054
81 18 3 100 9636 2.008332966
312 143 3 100 13080 2.008345875
6 45 3 100 2637377 2.008346770
225 231 3 100 48600 2.008360474
297 245 3 100 1855934 2.008361365
172 84 3 100 49100 2.008374065
82 177 3 100 49063 2.008382494
127 63 3 100 9448 2.008402529
176 3 3 100 1241228 2.008415757
158 102 3 100 11690 2.008435812
220 177 3 100 2134 2.008437167
79 167 3 100 16627418 2.008454441
192 7 3 100 16251 2.008484549
55 147 3 100 2747 2.008497386
126 158 3 100 80156 2.008499477
140 159 3 100 20708 2.008519643
295 57 3 100 92227 2.008530383
40 225 3 100 6514 2.008578435
184 247 3 100 1116 2.008590542
29 193 3 100 624136 2.008593059
50 280 3 100 77073 2.008604657
318 199 3 100 1083720 2.008623404
122 23 3 100 4482 2.008627266
56 132 3 100 28730185 2.008628222
35 288 3 100 6604 2.008636719
241 155 3 100 3674058 2.008663668
7 49 3 100 816125 2.008665550
21 63 3 100 56084 2.008668075
39 131 3 100 29254 2.008692541
5 222 3 100 69404 2.008694570
220 2 3 100 10014 2.008705040
65 290 3 100 6846 2.008730670
235 307 3 100 67861 2.008730890
133 22 3 100 2887220 2.008733499
208 160 3 100 32626 2.008746687
46 0 3 100 759059 2.008749023
235 103 3 100 31048 2.008752952
317 265 3 100 4851786 2.008756516
145 126 3 100 25074 2.008816432
252 35 3 100 3246 2.008817325
58 290 3 100 324926 2.008847152
145 65 3 100 132285 2.008857805
79 292 3 100 60902 2.008857862
204 129 3 100 2207 2.008882544
126 57 3 100 3533 2.008887914
84 219 3 100 1382635 2.008896693
84 47 3 100 18089 2.008918236
307 50 3 100 28252 2.008925469
33 134 3 100 7465104 2.008961791
228 309 3 100 311371 2.008964336
26 204 3 100 24770 2.008982406
39 251 3 100 399631 2.008991873
215 93 3 100 176954 2.009028650
176 283 3 100 111923 2.009058582
133 87 3 100 2748918 2.009094843
50 211 3 100 2113049 2.009103042
11 254 3 100 27168 2.009113353
252 124 3 100 34432 2.009117450
78 46 3 100 1733991 2.009123845
47 190 3 100 44708 2.009144896
3 271 3 100 26260 2.009147110
298 257 3 100 9671132 2.009149929
126 64 3 100 7475 2.009162089
245 37 3 100 799 2.009180139
200 181 3 100 142770 2.009185482
132 157 3 100 692313 2.009187625
0 82 3 100 4040 2.009199755
271 232 3 100 38167 2.009235555
82 291 3 100 27909 2.009236131
209 103 3 100 1955882 2.009241140
261 120 3 100 1007 2.009246759
117 93 3 100 65615 2.009270429
40 33 3 100 24378 2.009289443
7 244 3 100 6715592 2.009298336
302 248 3 100 1908762 2.009325019
302 218 3 100 7656 2.009330577
143 100 3 100 3750690 2.009346402
6 224 3 100 60892 2.009402678
132 124 3 100 53324 2.009403925
85 23 3 100 8514901 2.009413004
140 75 3 100 2023723 2.009442220
78 200 3 100 77732 2.009453514
271 42 3 100 1445923 2.009472220
50 31 3 100 126279 2.009479041
314 206 3 100 4353371 2.009513816
131 163 3 100 16868 2.009514159
104 317 3 100 1339370 2.009570401
167 82 3 100 7805 2.009581691
177 264 3 100 44371 2.009588866
140 114 3 100 35709 2.009600942
9 129 3 100 60374 2.009630007
312 40 3 100 41635 2.009642482
315 43 3 100 971884 2.009658216
155 157 3 100 2160216 2.009791494
70 106 3 100 5562369 2.009878181
