1161 
166 248 3 100 3659758 2.000001571
251 51 3 100 1747020 2.000001970
125 282 3 100 9833 2.000003597
279 154 3 100 102936 2.000008363
214 27 3 100 1606716 2.000015209
213 312 3 100 7628040 2.000015589
244 293 3 100 2122608 2.000017367
5 186 3 100 37349 2.000018136
273 57 3 100 1792673 2.000018355
285 20 3 100 75201 2.000021054
35 46 3 100 3765 2.000022118
3 144 3 100 1614868 2.000024628
202 96 3 100 22738419 2.000024981
252 291 3 100 31516 2.000027216
71 51 3 100 519105 2.000027388
253 18 3 100 1447728 2.000030035
24 82 3 100 1927786 2.000032024
86 195 3 100 47927 2.000033614
2 159 3 100 17843433 2.000035913
233 25 3 100 3947157 2.000037410
140 209 3 100 9215293 2.000037512
205 161 3 100 57774 2.000039144
72 149 3 100 24606 2.000039433
174 233 3 100 30357 2.000042231
112 42 3 100 1359 2.000043651
61 316 3 100 32605 2.000046585
302 163 3 100 15303887 2.000046828
44 218 3 100 8056397 2.000052905
143 104 3 100 29521 2.000053027
318 192 3 100 625183 2.000053235
303 314 3 100 79252 2.000053478
26 185 3 100 1391081 2.000053479
8 276 3 100 9394054 2.000053904
292 274 3 100 1923385 2.000054328
145 136 3 100 42167 2.000054478
259 81 3 100 1247288 2.000054910
148 193 3 100 1571284 2.000058642
142 127 3 100 75341 2.000058778
278 233 3 100 29894 2.000060564
71 141 3 100 1970424 2.000061246
47 114 3 100 19102 2.000062480
84 281 3 100 47426 2.000065542
71 121 3 100 5387 2.000066265
255 91 3 100 55692 2.000069583
273 131 3 100 70243 2.000070539
26 294 3 100 6485 2.000071048
233 126 3 100 1753869 2.000071394
51 81 3 100 22152 2.000073502
237 154 3 100 3264796 2.000076379
53 285 3 100 8771 2.000078090
270 198 3 100 594693 2.000078486
294 289 3 100 49502 2.000080679
77 291 3 100 24640 2.000082601
117 29 3 100 4849001 2.000083601
103 230 3 100 6429730 2.000084501
201 81 3 100 5859067 2.000085210
104 303 3 100 53985 2.000085381
43 208 3 100 1252712 2.000091524
34 97 3 100 47476 2.000095111
303 185 3 100 397004 2.000095586
296 58 3 100 96074 2.000095628
215 220 3 100 1411279 2.000099682
154 293 3 100 4961120 2.000101147
220 53 3 100 301581 2.000101249
47 281 3 100 22693 2.000102660
286 146 3 100 4818 2.000104697
227 20 3 100 64976 2.000105579
89 70 3 100 686819 2.000105869
92 134 3 100 14684 2.000106235
170 285 3 100 5862189 2.000111648
208 254 3 100 587766 2.000113464
7 184 3 100 93626 2.000113771
237 73 3 100 297114 2.000115694
311 75 3 100 7815 2.000117279
292 277 3 100 49308 2.000118346
253 250 3 100 40357 2.000121266
225 181 3 100 22518 2.000124729
268 95 3 100 6358828 2.000124943
26 220 3 100 3361418 2.000125700
119 77 3 100 879 2.000127381
182 251 3 100 584474 2.000128756
151 114 3 100 7751 2.000130044
318 104 3 100 488956 2.000132697
165 298 3 100 37396 2.000133500
151 71 3 100 144851 2.000136009
102 257 3 100 3048464 2.000137236
34 255 3 100 41691 2.000137768
233 193 3 100 7302565 2.000139469
292 104 3 100 27795 2.000140361
95 21 3 100 35601 2.000140594
179 203 3 100 52077 2.000141787
98 265 3 100 532286 2.000143171
193 208 3 100 27330 2.000145031
186 220 3 100 153420 2.000145148
29 6 3 100 3779 2.000146796
139 58 3 100 6429717 2.000148589
87 181 3 100 29031 2.000148774
183 120 3 100 117205 2.000149000
270 82 3 100 3164280 2.000150772
271 77 3 100 58733 2.000150869
300 318 3 100 7288 2.000153412
272 292 3 100 2127226 2.000153534
32 234 3 100 33303 2.000157182
238 215 3 100 462670 2.000157830
249 102 3 100 6972324 2.000159161
287 80 3 100 5245 2.000160514
287 110 3 100 25151 2.000164977
263 6 3 100 960166 2.000165153
160 13 3 100 11809807 2.000166047
106 291 3 100 100032 2.000171252
302 78 3 100 1301303 2.000172069
111 50 3 100 144427 2.000175653
68 236 3 100 57455 2.000178327
144 249 3 100 27731 2.000178982
179 294 3 100 5209564 2.000179151
42 155 3 100 9811 2.000179427
309 307 3 100 73085 2.000180976
266 175 3 100 25001 2.000183445
213 167 3 100 4538236 2.000183562
252 246 3 100 31827 2.000183945
144 6 3 100 60144 2.000190552
103 314 3 100 3146597 2.000190673
314 305 3 100 4763 2.000193598
308 290 3 100 4688330 2.000193673
191 188 3 100 212768 2.000193970
156 184 3 100 6087460 2.000194715
237 86 3 100 1186398 2.000196232
204 51 3 100 40847 2.000201438
119 226 3 100 7334151 2.000202488
253 25 3 100 66477 2.000203617
175 138 3 100 26988 2.000204199
2 235 3 100 44205 2.000211523
203 56 3 100 9740594 2.000212153
101 46 3 100 51961 2.000212285
187 46 3 100 187145 2.000213453
40 302 3 100 8917 2.000213907
169 133 3 100 9674 2.000214869
62 57 3 100 1936172 2.000214976
163 195 3 100 8754838 2.000215749
49 268 3 100 40180 2.000216748
316 128 3 100 40114 2.000218318
115 183 3 100 1789512 2.000219013
37 169 3 100 7283866 2.000219061
111 140 3 100 46482 2.000219994
158 79 3 100 4695518 2.000221765
303 315 3 100 21842293 2.000222898
268 177 3 100 323299 2.000224917
36 304 3 100 36074 2.000226064
201 217 3 100 137 2.000226831
287 165 3 100 75531 2.000228588
218 238 3 100 58105 2.000228786
284 111 3 100 47221 2.000229069
274 103 3 100 30851 2.000230246
152 203 3 100 525570 2.000233754
22 133 3 100 195546 2.000234007
24 68 3 100 35266 2.000234048
279 114 3 100 44250 2.000235426
181 129 3 100 40850 2.000238943
235 301 3 100 3056906 2.000239525
73 155 3 100 22897 2.000245854
116 145 3 100 73798 2.000248866
196 175 3 100 828868 2.000250118
285 135 3 100 45129 2.000250301
36 289 3 100 111748 2.000252394
158 45 3 100 47534 2.000254370
183 85 3 100 19603156 2.000254421
68 264 3 100 83070 2.000256173
191 170 3 100 2858424 2.000262938
115 236 3 100 7089 2.000263142
267 99 3 100 6731417 2.000264595
88 311 3 100 4410291 2.000264773
251 277 3 100 740 2.000265084
152 270 3 100 413485 2.000266588
284 13 3 100 93436 2.000267503
295 149 3 100 8923597 2.000268420
94 179 3 100 1822135 2.000268525
106 33 3 100 1752752 2.000268706
148 63 3 100 3593210 2.000269105
170 85 3 100 174690 2.000270406
248 49 3 100 1402072 2.000271141
68 10 3 100 3997283 2.000271465
189 100 3 100 9656772 2.000278022
164 168 3 100 1708343 2.000279475
248 211 3 100 213442 2.000282969
25 91 3 100 49015 2.000284164
308 150 3 100 878115 2.000285271
105 195 3 100 1338110 2.000288319
191 176 3 100 11629217 2.000289530
107 246 3 100 6946 2.000291589
118 148 3 100 301 2.000292111
189 312 3 100 78083 2.000292765
311 69 3 100 23137 2.000294580
235 208 3 100 4455493 2.000301547
204 2 3 100 15315 2.000303739
110 37 3 100 8420 2.000304067
230 87 3 100 10628 2.000307250
29 171 3 100 24063 2.000307888
254 224 3 100 77528 2.000308214
139 174 3 100 23299 2.000309396
177 128 3 100 66279 2.000310318
28 80 3 100 4760 2.000312259
49 42 3 100 29877 2.000313014
13 222 3 100 32537 2.000313120
25 64 3 100 394888 2.000313187
10 21 3 100 69826 2.000313588
124 192 3 100 3238138 2.000316091
163 165 3 100 33381 2.000317663
11 172 3 100 33781 2.000321100
116 234 3 100 144686 2.000321902
275 54 3 100 27507 2.000323493
174 291 3 100 5606200 2.000324550
233 118 3 100 41840 2.000325246
254 110 3 100 9684 2.000328875
310 141 3 100 15204 2.000329471
306 239 3 100 7351 2.000334778
283 94 3 100 66072 2.000335043
278 298 3 100 8797087 2.000335210
34 239 3 100 6277 2.000337426
229 295 3 100 4471 2.000337905
33 184 3 100 716 2.000338726
23 73 3 100 56925 2.000340908
4 185 3 100 3250 2.000342317
276 254 3 100 26043 2.000342900
42 108 3 100 8521 2.000343232
211 231 3 100 4051874 2.000350521
159 110 3 100 15468 2.000351776
96 318 3 100 41239 2.000355531
188 52 3 100 3513981 2.000355547
53 35 3 100 185734 2.000355804
21 168 3 100 23862 2.000356986
182 171 3 100 1147893 2.000357949
90 265 3 100 1865476 2.000359430
73 159 3 100 6259 2.000362235
267 229 3 100 72370 2.000365748
125 90 3 100 1087902 2.000370009
287 179 3 100 9918509 2.000371980
302 304 3 100 18358191 2.000372272
155 288 3 100 50952 2.000373990
92 38 3 100 47060 2.000374243
292 270 3 100 12937 2.000377433
146 34 3 100 22579 2.000378384
90 233 3 100 2458678 2.000378705
211 149 3 100 47638 2.000379051
313 119 3 100 22292 2.000383443
87 268 3 100 773364 2.000385778
105 247 3 100 7549272 2.000388066
241 67 3 100 32433 2.000388760
186 127 3 100 57041 2.000389858
315 276 3 100 23053 2.000389992
297 60 3 100 5557417 2.000390590
253 174 3 100 4401261 2.000390950
123 113 3 100 9125 2.000392507
160 225 3 100 16403078 2.000394631
77 18 3 100 1399 2.000397119
310 239 3 100 61250 2.000397917
134 156 3 100 4502351 2.000400799
169 251 3 100 472956 2.000401205
286 34 3 100 344158 2.000401350
292 138 3 100 42560 2.000401377
37 236 3 100 1133637 2.000401806
153 36 3 100 12885 2.000402285
36 96 3 100 8650395 2.000404499
0 318 3 100 650647 2.000406609
78 29 3 100 41796 2.000407067
157 131 3 100 2289 2.000407369
260 259 3 100 96647 2.000407513
288 217 3 100 767550 2.000408185
200 281 3 100 138423 2.000408377
56 119 3 100 1262227 2.000409478
101 224 3 100 381998 2.000409548
17 62 3 100 61781 2.000412918
151 171 3 100 578985 2.000413141
196 31 3 100 739658 2.000413950
172 126 3 100 21765398 2.000415532
95 210 3 100 136142 2.000415563
127 97 3 100 7957 2.000416411
236 235 3 100 22992 2.000418734
209 264 3 100 12511 2.000419148
87 79 3 100 2446112 2.000419807
249 174 3 100 52954 2.000422675
242 63 3 100 528693 2.000424373
43 272 3 100 9286 2.000425645
169 29 3 100 6451 2.000426385
89 57 3 100 5231582 2.000427300
123 186 3 100 161980 2.000428083
297 13 3 100 169490 2.000430307
120 105 3 100 828451 2.000430873
295 237 3 100 24325 2.000431328
40 53 3 100 6143971 2.000432136
64 175 3 100 3635868 2.000432151
187 115 3 100 522021 2.000433572
219 266 3 100 441432 2.000433805
35 113 3 100 58907 2.000434856
267 274 3 100 4084257 2.000435866
25 268 3 100 406310 2.000437130
106 300 3 100 4910490 2.000438774
272 254 3 100 9441 2.000439354
0 94 3 100 579675 2.000440894
103 202 3 100 1410893 2.000444998
285 137 3 100 39784 2.000445298
177 107 3 100 16768553 2.000446270
237 121 3 100 442421 2.000446513
262 44 3 100 1022179 2.000446932
170 187 3 100 8630 2.000447036
42 184 3 100 952135 2.000447196
226 68 3 100 79832 2.000447469
15 30 3 100 54406 2.000448695
96 271 3 100 1704918 2.000449204
255 65 3 100 69412 2.000451426
167 150 3 100 8555920 2.000455430
244 150 3 100 10536 2.000458228
194 50 3 100 50455 2.000458988
52 274 3 100 945574 2.000460606
127 27 3 100 85354 2.000461656
146 166 3 100 1535038 2.000463197
62 303 3 100 857404 2.000464249
160 273 3 100 3741592 2.000464315
193 286 3 100 2649 2.000464624
183 60 3 100 1569943 2.000464711
205 112 3 100 78299 2.000469633
60 169 3 100 5708863 2.000469810
197 165 3 100 163811 2.000469871
247 256 3 100 21712 2.000469935
234 48 3 100 150830 2.000470113
68 72 3 100 49362 2.000470420
196 232 3 100 55048 2.000472282
223 2 3 100 389051 2.000472543
124 32 3 100 44318 2.000473511
67 195 3 100 54913 2.000473861
30 173 3 100 31661 2.000474382
32 157 3 100 2554 2.000474590
42 60 3 100 20383 2.000475979
104 120 3 100 568818 2.000477084
155 274 3 100 101655 2.000480888
277 130 3 100 19975 2.000482081
131 260 3 100 5231 2.000482304
81 104 3 100 40044 2.000483186
58 83 3 100 566854 2.000484815
226 139 3 100 3211 2.000487484
49 142 3 100 12782 2.000489068
207 141 3 100 55029 2.000494489
204 182 3 100 1568636 2.000494613
315 165 3 100 22099567 2.000495573
62 260 3 100 2448 2.000495669
29 153 3 100 6484 2.000495738
232 128 3 100 7157 2.000497244
160 79 3 100 4910611 2.000497725
125 8 3 100 64562 2.000497838
305 26 3 100 6199 2.000501085
39 14 3 100 3422216 2.000501444
61 14 3 100 1231405 2.000502194
227 63 3 100 196208 2.000503111
79 127 3 100 61608 2.000505679
212 42 3 100 103021 2.000505860
47 138 3 100 22583 2.000506762
291 130 3 100 823890 2.000507854
138 178 3 100 7208 2.000510821
46 155 3 100 39955 2.000512458
282 40 3 100 36823 2.000512667
300 187 3 100 1366725 2.000513350
298 110 3 100 57507 2.000513486
46 190 3 100 7163149 2.000514627
319 159 3 100 65490 2.000515773
5 111 3 100 20370026 2.000517384
159 238 3 100 4836793 2.000518124
1 271 3 100 49520 2.000518974
278 3 3 100 906976 2.000522562
196 203 3 100 230928 2.000523565
233 285 3 100 10291 2.000525227
255 162 3 100 4985 2.000525802
61 296 3 100 1004425 2.000527471
206 111 3 100 41193 2.000528055
202 147 3 100 1282980 2.000528401
118 48 3 100 24985 2.000529030
212 123 3 100 92000 2.000537734
35 4 3 100 61924 2.000540200
170 24 3 100 1037319 2.000542890
162 226 3 100 80981 2.000544894
164 269 3 100 67020 2.000549136
25 243 3 100 871585 2.000549979
103 11 3 100 17046330 2.000552220
314 1 3 100 21702283 2.000552319
210 273 3 100 34990 2.000552608
289 131 3 100 2535791 2.000555401
144 138 3 100 6647 2.000557255
252 310 3 100 194654 2.000558866
51 247 3 100 142296 2.000561038
193 318 3 100 26967 2.000566082
88 292 3 100 1437 2.000566125
52 249 3 100 40824 2.000571779
211 297 3 100 4678505 2.000572020
40 282 3 100 38919 2.000572264
90 189 3 100 23600 2.000579117
28 247 3 100 9279 2.000579942
267 314 3 100 956511 2.000581024
46 55 3 100 530201 2.000581155
78 146 3 100 631428 2.000581785
276 158 3 100 3386034 2.000583176
4 35 3 100 2346203 2.000583404
103 222 3 100 45427 2.000583574
254 308 3 100 3152 2.000583953
264 293 3 100 1346 2.000584791
237 127 3 100 22488 2.000584943
45 66 3 100 4785 2.000586539
91 59 3 100 1357275 2.000586934
296 6 3 100 3365311 2.000588609
127 172 3 100 37441 2.000589496
84 218 3 100 5166879 2.000590714
68 148 3 100 1567152 2.000593888
86 56 3 100 10081 2.000594190
246 207 3 100 37542 2.000595798
65 316 3 100 445968 2.000601704
266 13 3 100 843939 2.000602573
232 95 3 100 51454 2.000603090
93 258 3 100 64075 2.000604767
124 139 3 100 4963999 2.000606675
210 233 3 100 24795 2.000610504
131 124 3 100 4175736 2.000611033
248 23 3 100 2451 2.000613160
293 97 3 100 26021 2.000613315
77 43 3 100 68244 2.000614308
11 186 3 100 8955 2.000619372
40 39 3 100 5704 2.000620378
20 138 3 100 20464 2.000620414
137 59 3 100 15377 2.000623616
119 37 3 100 17693 2.000624631
309 9 3 100 161739 2.000625489
288 312 3 100 126497 2.000626913
168 127 3 100 75443 2.000628972
250 295 3 100 2270105 2.000630628
140 33 3 100 4934 2.000631647
119 189 3 100 25082 2.000632522
146 16 3 100 1521645 2.000633265
233 200 3 100 4536641 2.000635861
13 123 3 100 1783260 2.000636427
74 283 3 100 15761 2.000638847
250 157 3 100 8936229 2.000639233
284 16 3 100 25634 2.000639350
17 98 3 100 39570 2.000639394
101 176 3 100 65460 2.000639702
274 261 3 100 177295 2.000642356
151 109 3 100 2598210 2.000644170
147 109 3 100 1956457 2.000645858
267 147 3 100 895453 2.000647381
181 304 3 100 64287 2.000647459
76 78 3 100 12903 2.000653434
216 69 3 100 1891911 2.000653616
227 183 3 100 489201 2.000656788
184 162 3 100 18471 2.000659221
76 83 3 100 46853 2.000660186
148 13 3 100 7629563 2.000661749
225 119 3 100 1770289 2.000661896
111 234 3 100 8721 2.000667699
240 96 3 100 50551 2.000669148
178 278 3 100 18620 2.000670030
303 13 3 100 13483 2.000671429
52 42 3 100 7266 2.000671942
291 290 3 100 8634872 2.000672945
61 262 3 100 1436070 2.000673079
12 87 3 100 38222 2.000673369
32 247 3 100 1786930 2.000673658
176 39 3 100 1997206 2.000674434
175 229 3 100 36423 2.000675372
270 37 3 100 109500 2.000675903
225 35 3 100 526334 2.000679696
81 137 3 100 121797 2.000680120
278 136 3 100 963553 2.000680566
222 238 3 100 7348 2.000681362
213 183 3 100 58740 2.000681454
129 165 3 100 35171 2.000681541
291 280 3 100 182270 2.000688145
94 89 3 100 77274 2.000689884
276 163 3 100 9760 2.000690795
169 10 3 100 1685929 2.000691388
163 160 3 100 41634 2.000692300
21 177 3 100 38792 2.000692370
305 65 3 100 30798 2.000696589
169 117 3 100 5952 2.000696712
89 69 3 100 56863 2.000697347
120 78 3 100 1535802 2.000701152
90 282 3 100 755390 2.000702196
90 99 3 100 20057 2.000702282
135 104 3 100 9293455 2.000702408
275 196 3 100 54345 2.000702523
166 209 3 100 75527 2.000706951
241 42 3 100 69615 2.000707397
104 59 3 100 1000870 2.000707640
318 147 3 100 4803819 2.000707855
157 47 3 100 1771194 2.000708324
209 96 3 100 45958 2.000708842
237 150 3 100 1320756 2.000708918
83 229 3 100 1966894 2.000709009
42 197 3 100 3566489 2.000709152
103 231 3 100 5232211 2.000709718
268 264 3 100 42894 2.000709810
154 254 3 100 33976 2.000714477
35 189 3 100 4117315 2.000716420
161 0 3 100 660 2.000717012
174 317 3 100 5309368 2.000719055
251 126 3 100 901504 2.000719472
124 2 3 100 25322 2.000719865
153 177 3 100 6481600 2.000720402
131 49 3 100 13636 2.000721812
259 232 3 100 7911 2.000721832
197 36 3 100 4445878 2.000722234
166 23 3 100 7957 2.000726539
233 188 3 100 11948 2.000727730
26 213 3 100 6221 2.000730111
233 18 3 100 8312 2.000730614
67 264 3 100 35201 2.000733166
286 118 3 100 51987 2.000735975
269 7 3 100 5554 2.000736109
172 90 3 100 1087172 2.000738052
72 165 3 100 12952 2.000738648
281 129 3 100 162431 2.000739071
296 83 3 100 741100 2.000739564
219 22 3 100 21383 2.000739872
237 164 3 100 19200548 2.000744766
98 89 3 100 58604 2.000748079
172 149 3 100 19109 2.000749584
37 214 3 100 24366 2.000750829
187 121 3 100 4654081 2.000751313
17 264 3 100 37767 2.000752421
249 206 3 100 1173420 2.000753460
173 22 3 100 9767 2.000753967
141 240 3 100 408693 2.000754231
269 276 3 100 3933 2.000755585
45 40 3 100 5047 2.000756151
125 206 3 100 1269433 2.000760087
159 156 3 100 17666 2.000761344
167 231 3 100 32027 2.000761923
247 252 3 100 11331444 2.000762200
184 85 3 100 1602017 2.000762768
221 37 3 100 8979590 2.000764396
69 62 3 100 28901 2.000765546
142 187 3 100 10044 2.000765613
220 194 3 100 1641071 2.000766265
106 208 3 100 3185587 2.000766936
258 290 3 100 1152681 2.000767386
92 141 3 100 4087971 2.000768363
39 47 3 100 1477793 2.000768958
43 19 3 100 1966 2.000769058
208 34 3 100 79480 2.000769670
298 131 3 100 334247 2.000770749
116 295 3 100 456403 2.000770933
242 167 3 100 1540 2.000778817
116 307 3 100 62063 2.000779588
129 77 3 100 969605 2.000780443
80 179 3 100 18432 2.000782642
199 5 3 100 18321 2.000785641
255 247 3 100 2577 2.000792039
111 37 3 100 41379 2.000796539
93 259 3 100 45924 2.000796737
298 111 3 100 1338335 2.000797389
292 69 3 100 4537381 2.000797436
171 268 3 100 9939047 2.000798673
297 102 3 100 7677 2.000799280
208 126 3 100 39893 2.000802476
288 263 3 100 6756 2.000806967
208 52 3 100 11061 2.000807062
52 112 3 100 6591104 2.000807253
209 293 3 100 720163 2.000807559
251 114 3 100 420810 2.000808767
267 66 3 100 1330021 2.000811191
10 117 3 100 41177 2.000812402
15 134 3 100 20317 2.000812659
263 157 3 100 3578234 2.000814615
209 34 3 100 59868 2.000815490
287 178 3 100 22515 2.000817348
130 151 3 100 2494 2.000817386
209 310 3 100 2017420 2.000818665
265 59 3 100 8516 2.000819011
319 172 3 100 5641 2.000822888
21 113 3 100 675396 2.000827236
182 290 3 100 9868665 2.000829090
263 164 3 100 1112818 2.000831050
23 280 3 100 7652415 2.000831547
30 97 3 100 4487 2.000833738
286 46 3 100 1483093 2.000834260
43 21 3 100 30863 2.000838221
125 13 3 100 957887 2.000838727
187 170 3 100 27616 2.000839019
168 240 3 100 1928249 2.000839844
133 233 3 100 5127 2.000839871
85 95 3 100 9794741 2.000842157
77 284 3 100 979573 2.000842926
195 122 3 100 2495742 2.000843541
131 144 3 100 9458493 2.000850371
117 3 3 100 24893 2.000852524
262 47 3 100 2056663 2.000853067
144 218 3 100 7996095 2.000857005
174 132 3 100 8241354 2.000857907
69 47 3 100 2212754 2.000860786
181 186 3 100 1067785 2.000860806
131 176 3 100 14603 2.000862122
220 239 3 100 3563782 2.000862457
77 273 3 100 6281 2.000868425
221 164 3 100 1671102 2.000868511
48 92 3 100 61880 2.000869013
278 317 3 100 6372 2.000869926
3 281 3 100 315445 2.000870698
82 285 3 100 21009 2.000871201
40 159 3 100 1772 2.000873133
146 83 3 100 2625 2.000875286
30 39 3 100 1374 2.000875576
25 263 3 100 10004212 2.000875603
180 218 3 100 297025 2.000875950
77 275 3 100 5065 2.000877713
16 86 3 100 102624 2.000878388
298 2 3 100 4154010 2.000878413
44 9 3 100 17282 2.000882836
36 208 3 100 14562 2.000885183
62 294 3 100 3507 2.000886323
55 228 3 100 21932 2.000886471
36 287 3 100 16250482 2.000886778
58 225 3 100 65104 2.000888729
47 227 3 100 74399 2.000889643
175 100 3 100 11305 2.000890125
147 181 3 100 71393 2.000890457
239 119 3 100 37017 2.000891255
174 58 3 100 5170646 2.000892153
158 146 3 100 1632587 2.000893103
275 249 3 100 4800 2.000893396
290 25 3 100 138778 2.000893676
296 227 3 100 58940 2.000897195
59 211 3 100 16224632 2.000898558
149 133 3 100 202971 2.000903523
66 168 3 100 289766 2.000903773
165 276 3 100 8564 2.000907221
62 174 3 100 157403 2.000907732
96 158 3 100 68945 2.000910461
304 146 3 100 143012 2.000910524
193 15 3 100 20438 2.000910713
13 20 3 100 26265 2.000912005
284 132 3 100 3110313 2.000912400
220 62 3 100 1320775 2.000914177
208 62 3 100 1286961 2.000915822
15 242 3 100 11233 2.000915981
214 188 3 100 6938589 2.000917465
43 29 3 100 9034168 2.000917977
135 163 3 100 26095 2.000918486
276 40 3 100 4172548 2.000920746
181 16 3 100 72431 2.000921673
161 17 3 100 22952 2.000921854
44 238 3 100 1733893 2.000922593
104 211 3 100 25740350 2.000925409
273 120 3 100 26861691 2.000926047
154 168 3 100 9812506 2.000927092
237 249 3 100 49595 2.000927350
184 156 3 100 70182 2.000932203
81 249 3 100 4387975 2.000937724
312 290 3 100 26592 2.000939442
181 263 3 100 28170 2.000940371
260 72 3 100 7293638 2.000942378
12 249 3 100 8500017 2.000945464
110 178 3 100 7533486 2.000946272
208 109 3 100 42833 2.000946362
157 79 3 100 76089 2.000947286
140 99 3 100 17459 2.000949529
120 265 3 100 756954 2.000951545
95 187 3 100 912086 2.000951922
277 65 3 100 79619 2.000951981
69 12 3 100 9651 2.000952257
96 220 3 100 17818 2.000952299
64 166 3 100 9575779 2.000953580
315 48 3 100 69716 2.000956888
242 86 3 100 9199 2.000957983
8 176 3 100 5953 2.000960190
13 294 3 100 8977 2.000960939
187 245 3 100 58689 2.000963049
172 236 3 100 75897 2.000967222
98 68 3 100 44397 2.000970864
77 200 3 100 641238 2.000972708
97 317 3 100 54957 2.000972803
140 216 3 100 6713 2.000983064
136 23 3 100 189 2.000983254
47 56 3 100 1772798 2.000983844
40 198 3 100 27866 2.000986340
165 77 3 100 5074 2.000988945
298 86 3 100 45115 2.000994033
75 103 3 100 2132952 2.000994970
23 77 3 100 28459527 2.000995624
270 7 3 100 1155055 2.000996401
86 172 3 100 33767 2.000997482
59 195 3 100 17025198 2.000999075
171 204 3 100 5728 2.001000874
268 210 3 100 35169 2.001001166
117 149 3 100 8381 2.001001589
81 28 3 100 4394278 2.001002417
258 33 3 100 1119 2.001003105
74 61 3 100 5108823 2.001006597
79 263 3 100 8661 2.001007960
143 139 3 100 2662 2.001008558
67 263 3 100 3968508 2.001009020
56 146 3 100 6277 2.001009406
222 103 3 100 53120 2.001009981
63 50 3 100 66694 2.001010642
27 255 3 100 1953456 2.001010794
0 184 3 100 29153 2.001012260
300 190 3 100 1090104 2.001012420
137 12 3 100 1032321 2.001012514
308 183 3 100 846 2.001012623
53 20 3 100 1295197 2.001014201
65 61 3 100 1566175 2.001016193
98 304 3 100 19671 2.001017925
161 93 3 100 2251947 2.001017982
52 77 3 100 4917285 2.001019055
240 226 3 100 3808 2.001019980
317 203 3 100 165351 2.001021645
137 115 3 100 220034 2.001025837
193 196 3 100 47172 2.001026533
86 313 3 100 1174862 2.001026598
33 259 3 100 53123 2.001027203
191 138 3 100 27476 2.001028732
108 105 3 100 901 2.001031434
140 315 3 100 7018 2.001032370
5 241 3 100 29164 2.001033193
45 35 3 100 2065 2.001033789
228 169 3 100 9925351 2.001036086
201 33 3 100 695 2.001039175
124 88 3 100 49421 2.001039601
61 117 3 100 26757 2.001040339
174 134 3 100 8374146 2.001043529
171 37 3 100 1903330 2.001044754
132 264 3 100 3249 2.001044891
117 312 3 100 20028494 2.001045796
283 59 3 100 6303 2.001047391
40 287 3 100 2450 2.001048002
120 114 3 100 23751 2.001049350
241 79 3 100 20865 2.001050821
179 102 3 100 65669 2.001051473
42 116 3 100 59158 2.001054144
199 16 3 100 345242 2.001055663
12 91 3 100 1820438 2.001056106
62 44 3 100 4848303 2.001057403
8 317 3 100 29763 2.001058561
77 241 3 100 2753827 2.001058910
224 90 3 100 16601 2.001060072
27 312 3 100 7782 2.001060216
303 122 3 100 12698 2.001060786
249 119 3 100 6412260 2.001062076
43 308 3 100 20329747 2.001064335
282 240 3 100 43364 2.001065072
248 76 3 100 60875 2.001066104
284 110 3 100 3138367 2.001066111
52 174 3 100 57166 2.001067523
34 218 3 100 5964 2.001067603
80 127 3 100 74843 2.001069359
264 179 3 100 30346 2.001069993
81 267 3 100 31258 2.001070897
97 157 3 100 29332655 2.001071019
80 207 3 100 39684 2.001078159
303 136 3 100 725349 2.001079979
129 185 3 100 21176 2.001081740
109 85 3 100 86298 2.001082628
251 40 3 100 34297 2.001084954
233 56 3 100 26635 2.001089864
28 210 3 100 9962 2.001090208
244 57 3 100 1490553 2.001091032
151 202 3 100 63380 2.001091339
318 232 3 100 24331 2.001091731
101 210 3 100 23619404 2.001091870
191 129 3 100 26972 2.001095285
131 74 3 100 237760 2.001097525
34 125 3 100 653940 2.001097788
110 75 3 100 114118 2.001098450
75 122 3 100 1685003 2.001101443
182 291 3 100 51115 2.001105645
203 315 3 100 68687 2.001106112
15 36 3 100 4802051 2.001108447
307 155 3 100 447007 2.001113714
166 299 3 100 878083 2.001115141
82 161 3 100 48736 2.001118358
54 175 3 100 960062 2.001121029
224 248 3 100 76026 2.001121480
250 289 3 100 2301302 2.001121915
35 57 3 100 8712 2.001122212
27 255 3 100 9473913 2.001123287
163 262 3 100 1289381 2.001125165
104 249 3 100 159318 2.001125785
24 271 3 100 7913 2.001126257
25 256 3 100 22771 2.001129970
161 270 3 100 3247 2.001131656
169 29 3 100 3270449 2.001132834
190 255 3 100 26212 2.001132934
315 195 3 100 70646 2.001134342
101 216 3 100 610381 2.001137382
253 266 3 100 4379459 2.001144008
42 23 3 100 4522 2.001148368
73 82 3 100 6532 2.001150653
281 76 3 100 32909 2.001150711
102 72 3 100 21918 2.001151414
39 159 3 100 2445946 2.001156121
235 183 3 100 25945 2.001158175
253 293 3 100 22363525 2.001162761
86 101 3 100 25667217 2.001163250
59 205 3 100 4898550 2.001164002
171 244 3 100 1813 2.001167117
242 197 3 100 65831 2.001171972
169 267 3 100 1873083 2.001173383
204 146 3 100 406206 2.001174380
293 186 3 100 223686 2.001175018
314 218 3 100 39636 2.001175824
223 244 3 100 21785 2.001176688
314 155 3 100 9349982 2.001177018
68 267 3 100 1947238 2.001177643
199 312 3 100 1584105 2.001177745
162 316 3 100 53629 2.001179857
262 208 3 100 410078 2.001182497
165 272 3 100 9612 2.001183975
16 204 3 100 35983 2.001184999
245 280 3 100 899991 2.001185204
249 227 3 100 96023 2.001186772
187 41 3 100 23244 2.001190916
136 96 3 100 84384 2.001191209
40 123 3 100 64871 2.001192074
244 129 3 100 7514893 2.001194108
125 86 3 100 4710888 2.001198532
54 252 3 100 984119 2.001199067
204 72 3 100 6763463 2.001199823
48 96 3 100 26782 2.001201061
220 154 3 100 4489635 2.001204744
263 83 3 100 47351 2.001204757
175 1 3 100 9172387 2.001206468
279 267 3 100 141630 2.001210135
207 170 3 100 571707 2.001213140
81 15 3 100 70283 2.001214116
209 144 3 100 9384840 2.001214361
169 265 3 100 1653046 2.001214858
0 282 3 100 4586840 2.001217520
231 314 3 100 29461 2.001218211
231 65 3 100 1247452 2.001219219
193 104 3 100 160933 2.001220548
99 64 3 100 59828 2.001221265
231 210 3 100 3611795 2.001223502
240 302 3 100 60075 2.001223644
24 268 3 100 195254 2.001224203
24 42 3 100 3479909 2.001225660
49 21 3 100 8383294 2.001225738
206 182 3 100 377 2.001226733
68 197 3 100 59823 2.001228798
39 177 3 100 8323 2.001230916
7 194 3 100 51741 2.001231512
155 254 3 100 25683820 2.001232681
40 314 3 100 7191812 2.001232872
290 109 3 100 1345591 2.001235032
113 180 3 100 19555234 2.001236076
40 5 3 100 41216 2.001236611
83 4 3 100 25954 2.001236671
128 215 3 100 13007 2.001239995
166 176 3 100 45165 2.001240823
274 305 3 100 71808 2.001240920
44 189 3 100 4792293 2.001243300
172 5 3 100 21477 2.001245224
67 59 3 100 114948 2.001248542
197 105 3 100 5278 2.001250800
140 196 3 100 2626 2.001252668
49 252 3 100 22888 2.001253057
276 97 3 100 1038670 2.001253112
303 13 3 100 1218176 2.001254186
181 89 3 100 22122 2.001255709
203 51 3 100 760874 2.001258509
310 224 3 100 12421 2.001260173
239 157 3 100 9502 2.001260787
103 68 3 100 28737 2.001261635
280 133 3 100 87781 2.001263702
155 68 3 100 264643 2.001264615
318 142 3 100 29135 2.001266576
278 113 3 100 52742 2.001269194
142 94 3 100 33107 2.001271811
265 218 3 100 8244900 2.001272050
15 310 3 100 8102989 2.001278337
225 179 3 100 1650 2.001287048
319 101 3 100 13996 2.001289071
37 127 3 100 75486 2.001289430
264 155 3 100 68711 2.001291744
255 142 3 100 52246 2.001293214
292 134 3 100 17859 2.001293558
105 302 3 100 5101 2.001294113
104 299 3 100 8430 2.001295118
292 273 3 100 41404 2.001295269
198 232 3 100 4314 2.001295425
83 33 3 100 56993 2.001298026
187 84 3 100 784789 2.001299037
116 167 3 100 43153 2.001299129
144 84 3 100 72605 2.001299514
64 33 3 100 4566 2.001300699
80 94 3 100 25779 2.001301166
71 173 3 100 1419504 2.001301180
29 218 3 100 7546 2.001301638
275 258 3 100 26867 2.001303947
145 285 3 100 3756632 2.001304285
231 120 3 100 53992 2.001304405
312 22 3 100 23041 2.001305641
312 310 3 100 4825871 2.001310561
309 219 3 100 68581 2.001310910
312 231 3 100 45675 2.001311372
263 39 3 100 1670 2.001311838
32 122 3 100 37354 2.001313773
12 221 3 100 3373169 2.001315813
277 286 3 100 816800 2.001317397
286 154 3 100 1638040 2.001319838
92 263 3 100 29038 2.001320193
174 189 3 100 62410 2.001320616
297 302 3 100 28854 2.001321549
87 45 3 100 8781 2.001323132
41 38 3 100 42653 2.001323427
237 277 3 100 19533100 2.001325730
85 177 3 100 1007901 2.001326699
124 264 3 100 7549 2.001327375
155 127 3 100 68010 2.001328582
238 72 3 100 15943 2.001331416
25 238 3 100 20435 2.001333169
109 113 3 100 3909 2.001336545
283 318 3 100 8040 2.001337510
83 199 3 100 47095 2.001338370
13 244 3 100 30655 2.001341616
51 62 3 100 177487 2.001346482
92 132 3 100 58650 2.001346749
253 111 3 100 21129 2.001347397
214 8 3 100 6684889 2.001349399
9 209 3 100 70786 2.001351788
4 121 3 100 3091 2.001352834
264 180 3 100 22920 2.001353556
68 246 3 100 22543 2.001357066
47 13 3 100 2937992 2.001361228
259 280 3 100 1617651 2.001364169
35 236 3 100 44111 2.001367272
76 157 3 100 2558121 2.001367735
269 97 3 100 8903243 2.001370864
66 291 3 100 2427004 2.001376725
27 128 3 100 8005 2.001376791
288 183 3 100 189233 2.001377756
31 79 3 100 17285306 2.001378871
127 86 3 100 28058 2.001379403
172 66 3 100 51978 2.001379560
24 70 3 100 2865838 2.001381815
222 216 3 100 4807 2.001384175
3 8 3 100 46526 2.001384901
187 296 3 100 1813683 2.001388800
274 259 3 100 56915 2.001390930
263 121 3 100 609097 2.001391152
55 61 3 100 162113 2.001391753
231 279 3 100 4654793 2.001395410
256 30 3 100 23976 2.001396491
85 317 3 100 64690 2.001398434
173 86 3 100 1090009 2.001399001
67 311 3 100 3486410 2.001402065
144 202 3 100 417185 2.001402303
70 298 3 100 5139 2.001405621
256 255 3 100 77862 2.001407024
273 131 3 100 44765 2.001412567
144 190 3 100 4242794 2.001417523
222 123 3 100 6356522 2.001419408
171 287 3 100 160041 2.001424795
173 45 3 100 15777 2.001426703
223 158 3 100 8559 2.001429605
53 170 3 100 77090 2.001434281
214 209 3 100 175768 2.001434900
70 134 3 100 4386 2.001437554
187 196 3 100 733685 2.001438897
256 150 3 100 29013 2.001440086
220 53 3 100 578597 2.001441503
263 101 3 100 36168 2.001443421
104 246 3 100 369310 2.001443948
137 214 3 100 5274866 2.001445383
181 169 3 100 59690 2.001445872
289 31 3 100 1051912 2.001446426
237 275 3 100 29443 2.001448920
158 82 3 100 9399719 2.001449290
200 95 3 100 1087888 2.001453447
99 160 3 100 22213 2.001455486
143 6 3 100 5262721 2.001455661
112 234 3 100 58413 2.001462542
101 23 3 100 12319 2.001463457
304 61 3 100 5113533 2.001463511
261 289 3 100 26674 2.001464519
145 88 3 100 5229418 2.001465766
98 195 3 100 1456795 2.001467334
314 226 3 100 2986 2.001468996
184 235 3 100 8029 2.001470082
51 270 3 100 9202 2.001476304
8 143 3 100 78747 2.001476315
46 158 3 100 975114 2.001480250
146 271 3 100 14267231 2.001480806
178 272 3 100 147611 2.001481631
41 62 3 100 174583 2.001484908
223 24 3 100 5514712 2.001484962
234 152 3 100 4695895 2.001487963
6 217 3 100 172921 2.001493082
58 143 3 100 13400 2.001498772
265 276 3 100 1969241 2.001500876
201 80 3 100 754352 2.001502750
46 149 3 100 26816236 2.001512929
273 183 3 100 78724 2.001514377
81 101 3 100 8020815 2.001518308
307 241 3 100 1199707 2.001524130
161 240 3 100 8695186 2.001525094
269 111 3 100 576497 2.001526399
59 270 3 100 39593 2.001526731
115 130 3 100 32732 2.001527336
297 230 3 100 123547 2.001528279
163 134 3 100 1611 2.001530418
187 122 3 100 63280 2.001533494
316 77 3 100 33975 2.001533975
222 150 3 100 2163572 2.001535657
274 207 3 100 2650 2.001538795
262 281 3 100 4916858 2.001539703
132 161 3 100 14407321 2.001542685
70 222 3 100 2127780 2.001543242
75 29 3 100 7999891 2.001544104
44 305 3 100 1236223 2.001545426
58 304 3 100 53441 2.001548464
59 49 3 100 40427 2.001551036
94 91 3 100 1699008 2.001552316
96 287 3 100 249208 2.001554095
34 38 3 100 26724 2.001554261
246 93 3 100 17427 2.001556164
146 28 3 100 8348 2.001556778
312 285 3 100 8047 2.001557232
99 302 3 100 8692356 2.001559597
92 230 3 100 52337 2.001559983
235 238 3 100 29632 2.001561901
263 184 3 100 35856 2.001562703
96 145 3 100 4505636 2.001565631
45 170 3 100 822248 2.001567394
30 16 3 100 32298 2.001567758
286 216 3 100 65260 2.001572699
26 238 3 100 2655 2.001574340
44 0 3 100 35606 2.001575106
15 64 3 100 26155 2.001575682
199 250 3 100 29484010 2.001576158
228 264 3 100 29923 2.001577670
307 214 3 100 1061172 2.001577925
210 40 3 100 808730 2.001578797
279 96 3 100 1861051 2.001578840
96 48 3 100 27384 2.001579807
92 184 3 100 24177 2.001579845
259 173 3 100 39134 2.001582681
200 176 3 100 943092 2.001584691
103 70 3 100 1761809 2.001586387
247 141 3 100 315627 2.001587538
183 297 3 100 6978696 2.001589876
146 304 3 100 1679961 2.001594140
161 78 3 100 7701100 2.001599950
128 242 3 100 1742301 2.001600766
183 266 3 100 646 2.001601549
228 23 3 100 46056 2.001601656
223 29 3 100 67569 2.001603938
31 57 3 100 3831 2.001604622
33 176 3 100 9927682 2.001608563
161 293 3 100 669426 2.001609961
286 48 3 100 28144 2.001610145
251 101 3 100 3405166 2.001611663
269 247 3 100 104597 2.001612150
241 96 3 100 191584 2.001615016
208 242 3 100 2707256 2.001618932
136 197 3 100 39460 2.001619700
155 277 3 100 589660 2.001620212
217 90 3 100 34475 2.001620981
113 189 3 100 2022940 2.001625087
10 307 3 100 3457571 2.001626140
309 102 3 100 5446992 2.001628217
239 167 3 100 47484 2.001628579
223 257 3 100 4998 2.001628876
127 113 3 100 13714125 2.001631320
260 157 3 100 20705 2.001633638
251 43 3 100 32111 2.001638385
151 220 3 100 56534 2.001639433
305 219 3 100 1478097 2.001641802
40 32 3 100 28723 2.001642986
41 9 3 100 26948508 2.001643367
163 258 3 100 1197837 2.001644719
282 174 3 100 29053 2.001646152
238 6 3 100 644402 2.001654825
121 156 3 100 32956 2.001657000
199 35 3 100 349985 2.001657145
258 242 3 100 722 2.001657221
0 30 3 100 71352 2.001659872
307 248 3 100 4043027 2.001660178
15 16 3 100 3295597 2.001663518
177 78 3 100 27380 2.001665726
110 164 3 100 82918 2.001666082
98 289 3 100 36178 2.001666238
278 44 3 100 259409 2.001669392
169 167 3 100 1192864 2.001673496
194 134 3 100 6720362 2.001674616
319 89 3 100 2693315 2.001680021
269 282 3 100 163873 2.001683078
96 318 3 100 54726 2.001684873
297 101 3 100 58045 2.001684963
169 293 3 100 369942 2.001685046
229 248 3 100 137753 2.001692020
206 110 3 100 111854 2.001693487
53 45 3 100 44972 2.001693901
71 137 3 100 6684507 2.001695783
202 137 3 100 8295 2.001700137
47 171 3 100 41922 2.001702328
65 244 3 100 505 2.001703301
10 17 3 100 79857 2.001705017
261 31 3 100 5464009 2.001707499
271 94 3 100 11923 2.001712692
228 140 3 100 54894 2.001719719
6 35 3 100 1788827 2.001723162
247 141 3 100 199043 2.001728343
118 175 3 100 4000487 2.001731191
168 223 3 100 3932 2.001731830
193 101 3 100 48968 2.001732155
165 2 3 100 60509 2.001732790
63 195 3 100 18740 2.001737438
6 285 3 100 6776915 2.001743584
257 151 3 100 27443 2.001744044
234 19 3 100 2370045 2.001746196
73 249 3 100 93332 2.001747313
71 238 3 100 1912673 2.001747485
76 131 3 100 31971 2.001749546
30 286 3 100 73708 2.001749596
297 317 3 100 3575160 2.001750817
96 313 3 100 64353 2.001751689
300 211 3 100 69504 2.001753520
273 24 3 100 4763 2.001760101
286 165 3 100 24109 2.001773119
178 62 3 100 648 2.001776176
136 197 3 100 36594 2.001776966
260 129 3 100 290729 2.001784471
70 32 3 100 41109 2.001791001
0 119 3 100 5370736 2.001796806
199 69 3 100 4485972 2.001797177
246 223 3 100 73465 2.001799455
59 88 3 100 8790 2.001811759
115 202 3 100 2172 2.001814048
217 79 3 100 1925300 2.001818714
12 287 3 100 8635 2.001832083
58 114 3 100 2033631 2.001834578
241 291 3 100 4008000 2.001837589
173 206 3 100 187828 2.001839551
309 82 3 100 20268 2.001840006
193 190 3 100 49378 2.001840009
32 206 3 100 51278 2.001842405
237 313 3 100 1200058 2.001846239
182 103 3 100 951699 2.001848976
85 153 3 100 190413 2.001849887
34 126 3 100 25212 2.001850260
118 27 3 100 47315 2.001850841
109 311 3 100 18999 2.001853173
255 215 3 100 369981 2.001854929
16 305 3 100 29688 2.001861101
102 214 3 100 179005 2.001862189
118 197 3 100 167690 2.001863523
53 81 3 100 13771 2.001868194
64 16 3 100 88040 2.001872603
44 211 3 100 30520 2.001886135
47 145 3 100 10730 2.001891886
34 89 3 100 10156808 2.001899189
163 187 3 100 21743 2.001922212
271 305 3 100 1137843 2.001931813
197 202 3 100 1782347 2.001936258
103 279 3 100 79071 2.001940663
6 12 3 100 37772 2.001951151
266 152 3 100 12957466 2.001965591
246 176 3 100 34103 2.001977292
