0b00e901 0b007a01 10000 100 6735 2000000147 12777 12805
0b00af01 0b008101 10000 100 29518 2000004759 10798 10676
0b011f01 0b009e01 10000 100 22464 2000011116 14147 14125
0b004f01 0b00af01 10000 100 74334 2000008439 18738 18474
0b011c01 0b002901 10000 100 1386 2000016952 12314 12358
0b008501 0b000301 10000 100 26875 2000019484 14714 14493
0b004201 0b008801 10000 100 38526 2000033308 15544 15471
0b007701 0b00fe01 10000 100 13934 2000035518 13425 13408
0b00e601 0b00d601 10000 100 68120 2000035696 14077 13914
0b00b001 0b013501 10000 100 15722 2000037881 13559 13559
0b001701 0b006201 10000 100 10692 2000038452 13121 13137
0b000301 0b004e01 10000 100 5836 2000042370 13364 12729
0b011701 0b00f901 10000 100 18783 2000042548 13909 13815
0b005a01 0b000601 10000 100 5356 2000046450 12659 12691
0b002b01 0b008401 10000 100 71211 2000042700 18390 18213
0b00cb01 0b002001 10000 100 1179 2000051234 12297 12342
0b006301 0b001501 10000 100 140076 2000044519 24858 23987
0b012901 0b001b01 10000 100 9339 2000058398 13039 13025
0b00c301 0b00a701 10000 100 127368 2000055692 23292 22920
0b002501 0b006b01 10000 100 25414 2000065477 16563 14372
0b011101 0b00ff01 10000 100 4666 2000072344 12597 12632
0b00f901 0b00dd01 10000 100 323966 2000047529 37891 35361
0b003301 0b011c01 10000 100 250231 2000053469 34459 33222
0b008d01 0b00f501 10000 100 42776 2000073953 15912 15827
0b000401 0b001501 10000 100 2265 2000082373 8354 8392
0b00c201 0b007301 10000 100 39683 2000076289 15643 15568
0b002d01 0b013601 10000 100 691646 2000017059 75519 70228
0b00b001 0b009601 10000 100 349501 2000052569 40315 37504
0b011c01 0b004601 10000 100 6921 2000084433 12792 12820
0b002201 0b00c901 10000 100 8983 2000087156 12972 12993
0b001f01 0b00cf01 10000 100 15267 2000092454 13559 13522
0b00f701 0b00af01 10000 100 60288 2000088255 17876 17297
0b007a01 0b00ec01 10000 100 3698 2000095449 12513 12551
0b001001 0b006c01 10000 100 770 2000095861 12223 12305
0b009901 0b000101 10000 100 191434 2000080239 29042 28292
0b004d01 0b012001 10000 100 328609 2000034563 77159 39792
0b00cf01 0b010501 10000 100 43002 2000097019 16049 15849
0b00c801 0b006b01 10000 100 26318 2000099107 14516 14449
0b000301 0b006401 10000 100 967326 2000013018 102334 93343
0b00e001 0b00d701 10000 100 2535 2000109383 8369 8414
0b00ba01 0b008001 10000 100 5491 2000111898 8626 8662
0b011101 0b006801 10000 100 37240 2000106871 15434 15365
0b012101 0b011701 10000 100 5130 2000117519 9019 8633
0b010701 0b00f701 10000 100 1115048 2000014816 115093 105729
0b009c01 0b005101 10000 100 67756 2000112156 18105 17921
0b00eb01 0b003a01 10000 100 23930 2000119214 14271 14246
0b00cb01 0b00a301 10000 100 59809 2000117776 17394 17255
0b00c901 0b00ad01 10000 100 28892 2000121988 14703 14662
0b004e01 0b008c01 10000 100 4740 2000125383 12603 12638
0b001001 0b011601 10000 100 56336 2000121420 17187 16965
0b002901 0b005901 10000 100 1860 2000132391 12490 12396
0b00ec01 0b001e01 10000 100 71041 2000130217 19103 18199
0b008601 0b010d01 10000 100 35402 2000135713 15325 15210
0b005901 0b00fa01 10000 100 29304 2000139116 14763 14699
0b007301 0b000301 10000 100 169662 2000114979 41624 26465
0b008101 0b005a01 10000 100 34289 2000144549 15177 15117
0b007301 0b008601 10000 100 13347 2000148445 13522 13361
0b004f01 0b00c601 10000 100 27634 2000147590 14615 14558
0b00ac01 0b00d901 10000 100 164461 2000137092 26592 26030
0b00eb01 0b009d01 10000 100 24840 2000150914 14367 14323
0b011301 0b009901 10000 100 9817 2000153254 13050 13063
0b011c01 0b001b01 10000 100 17052 2000154224 13888 13673
0b009e01 0b00e701 10000 100 214214 2000140023 31115 30202
0b009201 0b00fa01 10000 100 5185 2000159668 12674 12677
0b007601 0b00c501 10000 100 43600 2000158341 16345 15896
0b00b901 0b00c701 10000 100 171898 2000135568 40910 26652
0b00fc01 0b013f01 10000 100 484387 2000120583 57776 52853
0b003c01 0b00c701 10000 100 182854 2000136749 41902 27571
0b00ae01 0b00b601 10000 100 150461 2000158599 21455 20816
0b00bf01 0b001d01 10000 100 6499 2000167951 12758 12786
0b00ba01 0b005601 10000 100 7841 2000167965 12889 12898
0b000d01 0b011101 10000 100 9322 2000169158 13005 13024
0b00c701 0b010101 10000 100 4825 2000170959 12631 12645
0b004201 0b004b01 10000 100 3307 2000181757 4393 4439
0b000901 0b001c01 10000 100 30545 2000178641 10805 10762
0b007a01 0b00ee01 10000 100 41259 2000174964 15808 15702
0b00b401 0b005401 10000 100 39967 2000174653 16142 15590
0b00d701 0b00fd01 10000 100 7929 2000182885 8835 8865
0b00c001 0b007501 10000 100 195254 2000163960 29392 28612
0b009701 0b007701 10000 100 9968 2000181217 13056 13075
0b011a01 0b003301 10000 100 193702 2000167085 29276 28481
0b009601 0b00e401 10000 100 7754 2000197067 13428 12891
0b00b401 0b00fb01 10000 100 24351 2000199943 14473 14284
0b008501 0b000a01 10000 100 66486 2000196524 18010 17816
0b00a901 0b00d301 10000 100 76452 2000198954 18871 18651
0b009001 0b00dc01 10000 100 224185 2000185894 32052 31038
0b000301 0b003a01 10000 100 196068 2000191840 27919 24641
0b006401 0b00b401 10000 100 1140911 2000102784 117173 107894
0b011201 0b010901 10000 100 4119 2000211930 8509 8548
0b005c01 0b000101 10000 100 22378 2000208789 15980 14118
0b010501 0b004201 10000 100 41756 2000210742 15831 15741
0b002301 0b006a01 10000 100 414456 2000177406 49954 46990
0b009501 0b000f01 10000 100 1187883 2000101884 128256 111832
0b00a001 0b011501 10000 100 268710 2000201727 36104 34769
0b00c201 0b013901 10000 100 22665 2000220790 17985 14141
0b009501 0b00fe01 10000 100 188867 2000202597 36330 28075
0b00c601 0b003801 10000 100 34115 2000221482 18035 15103
0b00b701 0b007001 10000 100 29824 2000229061 14805 14741
0b009c01 0b005201 10000 100 8894 2000233981 12982 12986
0b000501 0b011f01 10000 100 70547 2000228974 18349 18156
0b013601 0b005101 10000 100 27459 2000235824 14613 14544
0b008901 0b011d01 10000 100 55138 2000234530 17696 16866
0b00ed01 0b00a501 10000 100 68733 2000236643 18194 18003
0b013901 0b011001 10000 100 422542 2000173337 85965 43627
0b011b01 0b004301 10000 100 25124 2000245410 15831 14349
0b000a01 0b008001 10000 100 66794 2000247150 20885 17840
0b001701 0b00d801 10000 100 324930 2000229866 41405 39482
0b00fc01 0b001601 10000 100 21396 2000259649 14345 14036
0b012401 0b011201 10000 100 21870 2000273210 10084 10034
0b006101 0b00cd01 10000 100 37568 2000272879 15775 15391
0b007901 0b008101 10000 100 66859 2000272958 18057 17846
0b011601 0b00ec01 10000 100 1707429 2000122975 169347 155393
0b00c701 0b010f01 10000 100 547220 2000230376 62365 58121
0b005801 0b013901 10000 100 8638 2000278090 15465 12965
0b012b01 0b010a01 10000 100 1630540 2000139088 157960 144906
0b003e01 0b001d01 10000 100 71326 2000282378 15100 14182
0b00d801 0b013801 10000 100 164280 2000277658 26570 26016
0b004d01 0b011e01 10000 100 85739 2000263058 41811 19429
0b00aa01 0b004501 10000 100 630 2000292747 12188 12294
0b009501 0b003901 10000 100 49858 2000285218 20602 16420
0b013c01 0b00b801 10000 100 8105 2000293794 12959 12922
0b008501 0b003501 10000 100 73043 2000289509 18550 18367
0b00e801 0b013101 10000 100 1106071 2000194546 115773 104976
0b010301 0b00e101 10000 100 97671 2000291546 20720 20430
0b00ea01 0b005901 10000 100 181339 2000272934 43643 27446
0b00d801 0b006401 10000 100 66728 2000300907 18017 17835
0b013a01 0b009901 10000 100 17931 2000304410 15289 13743
0b009e01 0b00a501 10000 100 67578 2000310037 14063 13867
0b011601 0b000501 10000 100 2337 2000315329 12398 12438
0b004a01 0b003001 10000 100 1732990 2000158360 171201 157533
0b004301 0b007701 10000 100 64932 2000320331 14205 13644
0b007a01 0b005901 10000 100 179270 2000311056 24126 23232
0b006b01 0b00b201 10000 100 1086170 2000225703 111703 103307
0b00bc01 0b00a701 10000 100 26408 2000320917 16899 10416
0b00bc01 0b008601 10000 100 56091 2000318753 20131 12906
0b003d01 0b013401 10000 100 36929 2000324764 16458 15336
0b007e01 0b006001 10000 100 24070 2000332849 10487 10221
0b00b401 0b007b01 10000 100 29543 2000328703 14783 14718
0b013b01 0b009001 10000 100 819172 2000216200 127773 80922
0b007901 0b013001 10000 100 15153 2000333619 13576 13513
0b012401 0b00bd01 10000 100 343569 2000305784 43281 41046
0b000d01 0b00ce01 10000 100 75528 2000330663 18769 18574
0b007401 0b00e701 10000 100 4933 2000338092 12633 12653
0b012501 0b005801 10000 100 5872 2000340941 12740 12732
0b005c01 0b003e01 10000 100 2209420 2000138219 216339 197480
0b00cf01 0b007501 10000 100 42102 2000340734 16332 15773
0b00df01 0b000b01 10000 100 4621 2000345713 12594 12628
0b012801 0b000201 10000 100 27715 2000343949 14619 14564
0b013e01 0b000101 10000 100 61796 2000346712 17614 17421
0b011901 0b005a01 10000 100 82253 2000345079 19369 19138
0b010101 0b00fc01 10000 100 74088 2000330395 35791 18455
0b009601 0b000401 10000 100 1129471 2000252145 115675 106936
0b010d01 0b007501 10000 100 6376 2000358514 12765 12776
0b003301 0b009a01 10000 100 45850 2000355654 16541 16084
0b00f301 0b008801 10000 100 22198 2000356496 15897 14104
0b010001 0b003d01 10000 100 7855 2000360962 12873 12899
0b007201 0b010201 10000 100 25107 2000360141 14416 14348
0b00ea01 0b011e01 10000 100 28866 2000359427 17118 14660
0b00cd01 0b00b501 10000 100 21168 2000362394 15651 14017
0b010901 0b00a201 10000 100 59904 2000360317 22315 17262
0b010b01 0b00b201 10000 100 9624 2000370289 13035 13048
0b006b01 0b008801 10000 100 5019 2000372840 13213 12664
0b002b01 0b013601 10000 100 52591 2000370567 16774 16650
0b009a01 0b003901 10000 100 18233 2000374288 16801 13771
0b002f01 0b002501 10000 100 1074293 2000234564 156542 94231
0b012001 0b007001 10000 100 227735 2000358830 32351 31334
0b008c01 0b00df01 10000 100 22919 2000373896 18170 14161
0b00bd01 0b001601 10000 100 16246 2000378415 13661 13604
0b00eb01 0b001c01 10000 100 8802 2000379505 13660 12978
0b00dc01 0b003801 10000 100 49050 2000377228 16481 16356
0b013c01 0b00c301 10000 100 16366 2000386681 13640 13614
0b010701 0b012b01 10000 100 53348 2000387163 14668 12675
0b001f01 0b00bb01 10000 100 608100 2000334221 69235 63226
0b004501 0b008801 10000 100 2456714 2000050540 352995 218212
0b002501 0b006101 10000 100 3746421 2000050741 357429 326342
0b010101 0b001101 10000 100 440018 2000316823 95122 49134
0b007c01 0b00e501 10000 100 3916037 2000043411 371878 340564
0b001901 0b00f501 10000 100 90112 2000396386 20070 19798
0b008e01 0b006901 10000 100 14157 2000410490 13445 13430
0b008201 0b009101 10000 100 185672 2000401569 24776 23768
0b008f01 0b001901 10000 100 5325 2000414178 12669 12689
0b005901 0b001f01 10000 100 962410 2000320697 106877 92930
0b00af01 0b003801 10000 100 42414 2000413255 15920 15798
0b007901 0b005901 10000 100 1388 2000422844 8286 8318
0b00e601 0b00f801 10000 100 2445798 2000204505 233021 213256
0b012301 0b007101 10000 100 23914 2000427410 14294 14245
0b011401 0b003701 10000 100 342480 2000401600 43135 40955
0b004001 0b00db01 10000 100 39236 2000430977 15625 15532
0b00fc01 0b011301 10000 100 2331 2000437505 12502 12438
0b011901 0b010001 10000 100 22584 2000443340 11157 10095
0b008d01 0b00e701 10000 100 30446 2000440513 14849 14794
0b00fd01 0b00a701 10000 100 9535 2000448469 13849 13041
0b012101 0b005801 10000 100 9964 2000448308 14158 13075
0b008f01 0b005801 10000 100 68777 2000442408 20739 18007
0b003201 0b005e01 10000 100 1597091 2000202798 261586 146143
0b007301 0b006801 10000 100 28672 2000456552 10903 10605
0b00a201 0b010301 10000 100 2278 2000456552 12638 12433
0b008a01 0b00a801 10000 100 762861 2000390474 78872 72158
0b013b01 0b000001 10000 100 70686 2000446767 24384 18167
0b004c01 0b007b01 10000 100 7035 2000462409 8764 8793
0b00da01 0b006601 10000 100 684882 2000395503 76364 69660
0b009201 0b013901 10000 100 1430974 2000182038 290321 132212
0b012701 0b004401 10000 100 2365047 2000243447 229306 210529
0b001601 0b010001 10000 100 427417 2000399799 75669 48076
0b00b701 0b013001 10000 100 66916 2000457662 18054 17850
0b004701 0b00fc01 10000 100 4872336 2000002573 475984 420739
0b001101 0b00ff01 10000 100 27454 2000462152 16848 14543
0b012901 0b004901 10000 100 77112 2000463185 19462 18708
0b007101 0b008401 10000 100 78859 2000464406 19053 18852
0b005201 0b004b01 10000 100 1525 2000476857 8301 8329
0b00d501 0b00c301 10000 100 22775 2000474870 10301 10110
0b002c01 0b000701 10000 100 55805 2000474329 13001 12879
0b006d01 0b012d01 10000 100 61183 2000462245 27019 17372
0b009101 0b004c01 10000 100 51328 2000474454 16697 16545
0b00d701 0b010b01 10000 100 134516 2000473136 24921 23519
0b012301 0b00b901 10000 100 1372 2000488491 12313 12357
0b008f01 0b009d01 10000 100 101826 2000485106 19945 16737
0b009a01 0b00b501 10000 100 2133532 2000300692 207402 187077
0b013b01 0b000301 10000 100 85466 2000474940 33388 19407
0b00d801 0b002c01 10000 100 20312 2000496068 13983 13945
0b008201 0b00ef01 10000 100 251 2000498973 12104 12263
0b011501 0b009401 10000 100 407408 2000429280 86672 46399
0b000e01 0b011e01 10000 100 1448592 2000375560 145039 133691
0b013b01 0b013501 10000 100 52801 2000510734 17566 8587
0b00ff01 0b002701 10000 100 543 2000517729 12166 12287
0b00cf01 0b005401 10000 100 20607 2000516364 14197 13969
0b004901 0b001801 10000 100 4990828 2000060346 470658 430671
0b00bc01 0b00a501 10000 100 23079 2000516902 16079 10138
0b013501 0b00b501 10000 100 41621 2000511303 23068 15730
0b000f01 0b009901 10000 100 1246 2000522806 12303 12347
0b008101 0b00dc01 10000 100 28033 2000529240 14755 14594
0b007a01 0b010e01 10000 100 446585 2000454901 89849 49683
0b004501 0b007f01 10000 100 78382 2000531408 14985 14773
0b00da01 0b00ad01 10000 100 11438 2000533567 15141 13201
0b00b701 0b004601 10000 100 492031 2000493522 57258 53495
0b013e01 0b007c01 10000 100 472676 2000486632 67104 51870
0b00a001 0b011f01 10000 100 8787 2000541528 12965 12977
0b001701 0b009401 10000 100 1145641 2000386777 168585 108291
0b00ad01 0b005201 10000 100 2544 2000543550 12493 12455
0b00e001 0b00a401 10000 100 22395 2000541616 14916 14119
0b007401 0b006301 10000 100 6476 2000552648 9286 8744
0b011101 0b007201 10000 100 128397 2000539176 23396 23007
0b012801 0b00f301 10000 100 5148 2000553551 12680 12674
0b008c01 0b00ae01 10000 100 2865906 2000195543 370903 248477
0b008401 0b00d601 10000 100 59287 2000551514 17352 17213
0b00e401 0b004601 10000 100 15549 2000555508 13731 13545
0b00cb01 0b007e01 10000 100 4738843 2000129148 450401 409545
0b009c01 0b00fd01 10000 100 1670800 2000369028 212860 152320
0b00c601 0b009d01 10000 100 29841 2000567458 16066 14742
0b007401 0b00dd01 10000 100 1316449 2000450381 133492 122613
0b009801 0b007c01 10000 100 7286 2000572331 12872 12853
0b005901 0b003301 10000 100 598199 2000520140 67097 62396
0b00c201 0b007001 10000 100 12229 2000572529 15567 13268
0b000d01 0b013e01 10000 100 21728 2000573935 14335 14062
0b010a01 0b011001 10000 100 107064 2000566221 26358 17179
0b002501 0b00ca01 10000 100 48530 2000576758 16462 16310
0b001501 0b000301 10000 100 5340182 2000048886 548436 455924
0b010a01 0b00e001 10000 100 72875 2000587055 18568 18350
0b011701 0b000401 10000 100 25593 2000586666 20176 14387
0b00fb01 0b001c01 10000 100 3013851 2000318097 290645 264921
0b00dd01 0b00b101 10000 100 60857 2000592070 22272 17342
0b005e01 0b004101 10000 100 1633 2000606240 8289 8338
0b00ec01 0b006701 10000 100 4490 2000604544 12755 12618
0b00e001 0b00f001 10000 100 103351 2000600743 17176 16867
0b010101 0b003b01 10000 100 4088204 2000184937 433220 354998
0b00d501 0b009a01 10000 100 1935 2000608141 12409 12402
0b002901 0b004301 10000 100 3377789 2000115726 505359 295434
0b00b101 0b001301 10000 100 146138 2000581116 41041 24495
0b008f01 0b012601 10000 100 49076 2000605119 17954 16358
0b00ff01 0b00b101 10000 100 39980 2000610218 17679 15592
0b010b01 0b009301 10000 100 5906 2000615342 12738 12735
0b004f01 0b00b401 10000 100 58520 2000613125 17288 17148
0b009101 0b00a001 10000 100 24355 2000622445 10307 10244
0b007201 0b006701 10000 100 78058 2000614082 21717 14748
0b00b101 0b012401 10000 100 1560252 2000466074 170167 143054
0b011701 0b005001 10000 100 1723504 2000466405 171015 156740
0b00dc01 0b007e01 10000 100 5237 2000625335 12650 12682
0b002401 0b003101 10000 100 121788 2000623290 18870 18411
0b006d01 0b00a701 10000 100 4808528 2000181769 462051 415388
0b011501 0b00fd01 10000 100 414 2000638121 12234 12276
0b005b01 0b00d301 10000 100 139718 2000614274 36462 23955
0b000e01 0b003701 10000 100 349 2000644690 8118 8231
0b00f801 0b002b01 10000 100 26447 2000640601 14515 14459
0b002c01 0b00c201 10000 100 1143187 2000533293 127135 108087
0b001101 0b00e801 10000 100 1419778 2000382903 277555 131275
0b002f01 0b011d01 10000 100 3472456 2000281746 378923 303372
0b00ab01 0b00fb01 10000 100 1737 2000648491 12342 12386
0b00ca01 0b009801 10000 100 12605 2000653363 13723 13298
0b006401 0b013f01 10000 100 553303 2000607050 63062 58631
0b00b401 0b000501 10000 100 58172 2000655319 17276 17120
0b008f01 0b011a01 10000 100 1341077 2000331275 341459 124679
0b00e001 0b003401 10000 100 40219 2000657642 15730 15614
0b00ea01 0b008901 10000 100 4773516 2000178073 497694 412453
0b00cc01 0b005501 10000 100 113984 2000653058 22863 21796
0b003d01 0b012e01 10000 100 60548 2000654073 23272 17318
0b012701 0b009b01 10000 100 20887 2000673136 14027 13991
0b007f01 0b011401 10000 100 74393 2000662421 25094 18479
0b005501 0b00bd01 10000 100 30484 2000670711 17460 14797
0b002b01 0b008b01 10000 100 79260 2000669316 19154 18888
0b002001 0b00dc01 10000 100 13616 2000674924 14543 13383
0b008401 0b001201 10000 100 9181 2000676628 13691 13012
0b005e01 0b010c01 10000 100 133554 2000667167 23871 23438
0b00cd01 0b004201 10000 100 51017 2000675349 16635 16521
0b012301 0b013301 10000 100 43548 2000677995 15725 11852
0b007b01 0b011901 10000 100 1544023 2000541027 153767 141694
0b002d01 0b003801 10000 100 625 2000693218 8219 8253
0b001b01 0b011001 10000 100 5173198 2000144131 559553 445964
0b00af01 0b009d01 10000 100 70644 2000708159 14313 14124
0b00b601 0b00cb01 10000 100 127153 2000691487 33720 22903
0b000f01 0b00b101 10000 100 1614410 2000542011 187508 147594
0b007201 0b00fd01 10000 100 1303875 2000593602 135964 121557
0b00a401 0b012a01 10000 100 5522474 2000112493 622639 475246
0b004201 0b00a101 10000 100 128853 2000715666 23430 23043
0b000c01 0b008701 10000 100 33430 2000726475 15315 15044
0b00e701 0b00f201 10000 100 780949 2000667448 79797 73674
0b010801 0b00ec01 10000 100 2264150 2000336577 415092 202069
0b00c101 0b00da01 10000 100 3976755 2000366584 397721 341612
0b012501 0b008c01 10000 100 303388 2000723917 41149 37678
0b002401 0b003901 10000 100 11027 2000762502 10086 9128
0b003a01 0b00aa01 10000 100 3642284 2000426974 347006 317611
0b006301 0b001a01 10000 100 1932326 2000509108 268581 174248
0b009d01 0b009201 10000 100 22427 2000772747 6056 6042
0b009901 0b004701 10000 100 1047274 2000672245 108198 100046
0b003201 0b008001 10000 100 4805991 2000233563 554917 415174
0b000d01 0b009301 10000 100 7300 2000778270 12860 12854
0b010001 0b004301 10000 100 1418387 2000584637 207516 131159
0b002901 0b013901 10000 100 3971995 2000173968 618602 345252
0b00bc01 0b003201 10000 100 6965 2000778261 14576 12824
0b010001 0b013d01 10000 100 593065 2000654572 138280 57926
0b00af01 0b005e01 10000 100 26855 2000780720 14573 14492
0b00c501 0b012c01 10000 100 451733 2000692061 103491 50114
0b00da01 0b005a01 10000 100 2920132 2000514003 284778 257067
0b005401 0b002801 10000 100 4320288 2000393035 411347 374455
0b013c01 0b000d01 10000 100 2897 2000794223 12455 12483
0b00ee01 0b001a01 10000 100 1061384 2000621329 188965 101228
0b006801 0b002801 10000 100 122732 2000788105 24872 22530
0b008401 0b000f01 10000 100 2331704 2000575598 237732 207731
0b00e001 0b00c401 10000 100 85727 2000801808 15633 15388
0b00c201 0b009801 10000 100 1684751 2000503747 314385 153490
0b009101 0b00d201 10000 100 19604 2000806879 13938 13885
0b00d501 0b00e701 10000 100 4837 2000814458 8635 8606
0b00f401 0b006701 10000 100 9946 2000815836 13066 13074
0b003601 0b000101 10000 100 2891527 2000550943 284114 250627
0b00c201 0b006801 10000 100 78786 2000809278 25819 18846
0b010301 0b010201 10000 100 78660 2000828219 11063 10756
0b00db01 0b00d801 10000 100 600647 2000783337 59513 54519
0b004e01 0b008f01 10000 100 78490 2000825022 19057 18822
0b003301 0b003b01 10000 100 2100838 2000599466 245672 180294
0b004201 0b003801 10000 100 57219 2000823544 21861 17040
0b010a01 0b005c01 10000 100 1244540 2000676263 170220 116584
0b013b01 0b00d701 10000 100 4007468 2000245233 605842 348228
0b00dd01 0b000f01 10000 100 46141 2000836089 16224 16111
0b013501 0b002101 10000 100 53746 2000841555 22243 16747
0b002001 0b00e501 10000 100 2244612 2000646650 218463 200429
0b013a01 0b00d501 10000 100 2358624 2000443747 422516 209988
0b012801 0b012c01 10000 100 1897574 2000638621 229455 163254
0b005b01 0b00c901 10000 100 3061145 2000570512 303265 268889
0b008c01 0b00de01 10000 100 4555837 2000349949 528116 394202
0b00c501 0b006201 10000 100 109017 2000850092 35031 21383
0b012801 0b007e01 10000 100 34715 2000871279 15219 15151
0b000e01 0b010901 10000 100 759342 2000810595 81639 75905
0b010a01 0b011401 10000 100 1168573 2000741053 157491 106174
0b005d01 0b013101 10000 100 1800114 2000600871 298763 163164
0b00c201 0b008101 10000 100 3405871 2000444879 476942 297788
0b008901 0b013301 10000 100 6583540 2000296242 631571 564205
0b000c01 0b003b01 10000 100 870616 2000764193 174756 81193
0b011b01 0b003d01 10000 100 3897525 2000535086 410293 339010
0b00fe01 0b006c01 10000 100 64633 2000935752 17814 17660
0b012101 0b00a201 10000 100 9736731 2000012207 947531 828568
0b000c01 0b001301 10000 100 1395716 2000757576 205320 125217
0b013501 0b012b01 10000 100 4717137 2000508205 457791 403688
0b013101 0b00e201 10000 100 1969946 2000610834 367354 177400
0b013901 0b012a01 10000 100 2627586 2000504654 474791 228498
0b00c601 0b00e801 10000 100 6837221 2000195435 789535 581435
0b003e01 0b007401 10000 100 4243362 2000585431 401907 368005
0b010301 0b012101 10000 100 17637 2000986083 9700 9680
0b007f01 0b00be01 10000 100 1527517 2000723532 278013 140308
0b007c01 0b000401 10000 100 3004390 2000445217 558822 264130
0b007a01 0b00cb01 10000 100 6190145 2000359964 653493 531225
0b011401 0b004f01 10000 100 1408907 2000883133 141426 130363
0b008701 0b011a01 10000 100 7274458 2000196111 832241 622132
0b00e001 0b00d401 10000 100 1470650 2000898073 143313 131500
0b012d01 0b003901 10000 100 3091150 2000469283 599141 271405
0b004d01 0b013401 10000 100 4400059 2000000106 1080376 381144
0b00fa01 0b003601 10000 100 1975983 2000702194 390706 177906
0b005701 0b00d701 10000 100 4366121 2000497520 601559 378298
0b00ba01 0b00ad01 10000 100 7636612 2000406481 712114 648455
0b002d01 0b00a501 10000 100 1483216 2000831561 291019 136595
0b002601 0b011e01 10000 100 5498854 2000634934 517280 473264
0b011301 0b005701 10000 100 5352559 2000179798 995950 461000
0b00bc01 0b012e01 10000 100 2640757 2000482123 704012 233642
0b00bc01 0b001001 10000 100 2599555 2000517303 677716 230188
0b005d01 0b003901 10000 100 6759787 2000264751 947999 578981
0b010501 0b013d01 10000 100 8244964 2000397335 836072 699457
0b00d801 0b003d01 10000 100 3765504 2000861071 401836 327941
0b004301 0b00a501 10000 100 5081870 2000689815 627792 438304
0b00bc01 0b012d01 10000 100 7772176 2000151245 1193993 663862
0b013e01 0b003801 10000 100 8877689 2000517181 846592 756546
0b005501 0b013501 10000 100 11342370 2000265125 1104580 963186
0b007801 0b007301 10000 100 13946690 2000103059 1287792 1173451
0b00be01 0b013601 10000 100 6730729 2000772205 630823 576545
0b004d01 0b00a401 10000 100 5539348 2000104428 1302287 476661
0b001601 0b00ec01 10000 100 9800384 2000311925 1136271 833906
0b005901 0b002d01 10000 100 9086656 2000627628 858600 774066
0b00c501 0b010701 10000 100 8226856 2000076867 1434908 701980
0b00f701 0b006201 10000 100 7308732 2000150577 1362133 625005
0b004d01 0b008801 10000 100 6989712 2000076019 1450890 598258
0b012d01 0b001f01 10000 100 8972110 2000424645 1107677 764465
0b007f01 0b012201 10000 100 9429572 2000604037 1005831 802816
0b009c01 0b000401 10000 100 9343863 2000442685 1168979 795630
0b013901 0b005701 10000 100 9815723 2000238189 1404095 835191
0b004501 0b012e01 10000 100 5099349 2000786624 924731 439771
0b011701 0b010d01 10000 100 11010330 2000739695 1020080 931308
0b00a201 0b010701 10000 100 9693605 2000270528 1490185 824953
0b011a01 0b012e01 10000 100 5454032 2000569023 1218228 465469
0b001001 0b00e401 10000 100 20724340 2000145036 1918034 1749771
0b013a01 0b00cf01 10000 100 24445140 2000163548 2450799 2061723
0b009401 0b003601 10000 100 20783566 2000714637 2113844 1754735
0b013101 0b00f101 10000 100 29708675 2000253830 2914789 2503016
0b005f01 0b006201 10000 100 28886717 2000231305 3293367 2430063
