420 
77 308 3 100 4400059 2.000000107
233 122 3 100 6735 2.000000148
71 252 3 100 4872336 2.000002574
175 129 3 100 29518 2.000004760
79 175 3 100 74334 2.000008439
287 158 3 100 22464 2.000011116
289 162 3 100 9736731 2.000012208
3 100 3 100 967326 2.000013019
263 247 3 100 1115048 2.000014816
284 41 3 100 1386 2.000016952
45 310 3 100 691646 2.000017060
133 3 3 100 26875 2.000019484
66 136 3 100 38526 2.000033309
77 288 3 100 328609 2.000034564
119 254 3 100 13934 2.000035519
230 214 3 100 68120 2.000035697
176 309 3 100 15722 2.000037882
23 98 3 100 10692 2.000038452
3 78 3 100 5836 2.000042370
279 249 3 100 18783 2.000042548
43 132 3 100 71211 2.000042701
124 229 3 100 3916037 2.000043411
99 21 3 100 140076 2.000044520
90 6 3 100 5356 2.000046451
249 221 3 100 323966 2.000047530
21 3 3 100 5340182 2.000048886
69 136 3 100 2456714 2.000050541
37 97 3 100 3746421 2.000050742
203 32 3 100 1179 2.000051235
176 150 3 100 349501 2.000052570
51 284 3 100 250231 2.000053469
195 167 3 100 127368 2.000055692
297 27 3 100 9339 2.000058399
73 24 3 100 4990828 2.000060346
37 107 3 100 25414 2.000065478
273 255 3 100 4666 2.000072345
141 245 3 100 42776 2.000073954
77 136 3 100 6989712 2.000076019
194 115 3 100 39683 2.000076290
197 263 3 100 8226856 2.000076868
153 1 3 100 191434 2.000080240
4 21 3 100 2265 2.000082373
284 70 3 100 6921 2.000084433
34 201 3 100 8983 2.000087157
247 175 3 100 60288 2.000088255
31 207 3 100 15267 2.000092455
122 236 3 100 3698 2.000095450
16 108 3 100 770 2.000095862
207 261 3 100 43002 2.000097019
200 107 3 100 26318 2.000099107
149 15 3 100 1187883 2.000101885
100 180 3 100 1140911 2.000102784
120 115 3 100 13946690 2.000103059
77 164 3 100 5539348 2.000104428
273 104 3 100 37240 2.000106872
224 215 3 100 2535 2.000109384
186 128 3 100 5491 2.000111898
156 81 3 100 67756 2.000112157
164 298 3 100 5522474 2.000112493
115 3 3 100 169662 2.000114979
41 67 3 100 3377789 2.000115726
289 279 3 100 5130 2.000117520
203 163 3 100 59809 2.000117777
235 58 3 100 23930 2.000119214
252 319 3 100 484387 2.000120583
16 278 3 100 56336 2.000121421
201 173 3 100 28892 2.000121988
278 236 3 100 1707429 2.000122975
78 140 3 100 4740 2.000125384
203 126 3 100 4738843 2.000129148
236 30 3 100 71041 2.000130217
41 89 3 100 1860 2.000132392
185 199 3 100 171898 2.000135569
134 269 3 100 35402 2.000135714
60 199 3 100 182854 2.000136750
172 217 3 100 164461 2.000137092
92 62 3 100 2209420 2.000138219
299 266 3 100 1630540 2.000139088
89 250 3 100 29304 2.000139117
158 231 3 100 214214 2.000140023
27 272 3 100 5173198 2.000144132
129 90 3 100 34289 2.000144550
16 228 3 100 20724340 2.000145037
79 198 3 100 27634 2.000147590
115 134 3 100 13347 2.000148445
247 98 3 100 7308732 2.000150578
235 157 3 100 24840 2.000150915
188 301 3 100 7772176 2.000151245
275 153 3 100 9817 2.000153254
284 27 3 100 17052 2.000154224
118 197 3 100 43600 2.000158341
74 48 3 100 1732990 2.000158361
174 182 3 100 150461 2.000158599
146 250 3 100 5185 2.000159669
314 207 3 100 24445140 2.000163549
192 117 3 100 195254 2.000163960
282 51 3 100 193702 2.000167086
191 29 3 100 6499 2.000167952
186 86 3 100 7841 2.000167966
13 273 3 100 9322 2.000169159
199 257 3 100 4825 2.000170959
313 272 3 100 422542 2.000173337
41 313 3 100 3971995 2.000173969
180 84 3 100 39967 2.000174653
122 238 3 100 41259 2.000174964
35 106 3 100 414456 2.000177407
234 137 3 100 4773516 2.000178074
9 28 3 100 30545 2.000178642
275 87 3 100 5352559 2.000179798
151 119 3 100 9968 2.000181218
66 75 3 100 3307 2.000181757
109 167 3 100 4808528 2.000181769
146 313 3 100 1430974 2.000182038
215 253 3 100 7929 2.000182885
257 59 3 100 4088204 2.000184937
144 220 3 100 224185 2.000185895
3 58 3 100 196068 2.000191841
232 305 3 100 1106071 2.000194547
198 232 3 100 6837221 2.000195436
140 174 3 100 2865906 2.000195544
135 282 3 100 7274458 2.000196112
133 10 3 100 66486 2.000196524
150 228 3 100 7754 2.000197068
169 211 3 100 76452 2.000198954
180 251 3 100 24351 2.000199944
160 277 3 100 268710 2.000201728
149 254 3 100 188867 2.000202598
50 94 3 100 1597091 2.000202798
230 248 3 100 2445798 2.000204505
92 1 3 100 22378 2.000208790
261 66 3 100 41756 2.000210742
274 265 3 100 4119 2.000211931
315 144 3 100 819172 2.000216200
194 313 3 100 22665 2.000220790
198 56 3 100 34115 2.000221482
107 178 3 100 1086170 2.000225704
5 287 3 100 70547 2.000228974
183 112 3 100 29824 2.000229062
23 216 3 100 324930 2.000229867
199 271 3 100 547220 2.000230376
95 98 3 100 28886717 2.000231306
50 128 3 100 4805991 2.000233563
156 82 3 100 8894 2.000233981
137 285 3 100 55138 2.000234530
47 37 3 100 1074293 2.000234565
310 81 3 100 27459 2.000235824
237 165 3 100 68733 2.000236643
313 87 3 100 9815723 2.000238189
295 68 3 100 2365047 2.000243448
315 215 3 100 4007468 2.000245234
283 67 3 100 25124 2.000245411
10 128 3 100 66794 2.000247151
150 4 3 100 1129471 2.000252146
305 241 3 100 29708675 2.000253830
252 22 3 100 21396 2.000259649
77 286 3 100 85739 2.000263059
93 57 3 100 6759787 2.000264751
85 309 3 100 11342370 2.000265126
162 263 3 100 9693605 2.000270529
97 205 3 100 37568 2.000272879
234 89 3 100 181339 2.000272935
121 129 3 100 66859 2.000272958
292 274 3 100 21870 2.000273210
216 312 3 100 164280 2.000277659
88 313 3 100 8638 2.000278090
47 285 3 100 3472456 2.000281746
62 29 3 100 71326 2.000282378
149 57 3 100 49858 2.000285219
133 53 3 100 73043 2.000289510
259 225 3 100 97671 2.000291547
170 69 3 100 630 2.000292747
316 184 3 100 8105 2.000293794
137 307 3 100 6583540 2.000296242
154 181 3 100 2133532 2.000300692
216 100 3 100 66728 2.000300907
314 153 3 100 17931 2.000304410
292 189 3 100 343569 2.000305784
158 165 3 100 67578 2.000310037
122 89 3 100 179270 2.000311057
22 236 3 100 9800384 2.000311925
278 5 3 100 2337 2.000315330
257 17 3 100 440018 2.000316824
251 28 3 100 3013851 2.000318097
188 134 3 100 56091 2.000318753
67 119 3 100 64932 2.000320332
89 31 3 100 962410 2.000320698
188 167 3 100 26408 2.000320918
61 308 3 100 36929 2.000324765
180 123 3 100 29543 2.000328703
257 252 3 100 74088 2.000330396
13 206 3 100 75528 2.000330664
143 282 3 100 1341077 2.000331275
126 96 3 100 24070 2.000332850
121 304 3 100 15153 2.000333619
31 187 3 100 608100 2.000334221
264 236 3 100 2264150 2.000336577
116 231 3 100 4933 2.000338093
207 117 3 100 42102 2.000340735
293 88 3 100 5872 2.000340941
296 2 3 100 27715 2.000343950
281 90 3 100 82253 2.000345079
223 11 3 100 4621 2.000345713
318 1 3 100 61796 2.000346713
140 222 3 100 4555837 2.000349950
51 154 3 100 45850 2.000355655
243 136 3 100 22198 2.000356497
269 117 3 100 6376 2.000358515
288 112 3 100 227735 2.000358830
234 286 3 100 28866 2.000359428
122 203 3 100 6190145 2.000359965
114 258 3 100 25107 2.000360142
265 162 3 100 59904 2.000360317
256 61 3 100 7855 2.000360963
205 181 3 100 21168 2.000362394
193 218 3 100 3976755 2.000366584
156 253 3 100 1670800 2.000369029
267 178 3 100 9624 2.000370289
43 310 3 100 52591 2.000370567
107 136 3 100 5019 2.000372841
140 223 3 100 22919 2.000373896
154 57 3 100 18233 2.000374289
14 286 3 100 1448592 2.000375560
220 56 3 100 49050 2.000377228
189 22 3 100 16246 2.000378415
235 28 3 100 8802 2.000379505
17 232 3 100 1419778 2.000382904
316 195 3 100 16366 2.000386682
23 148 3 100 1145641 2.000386777
263 299 3 100 53348 2.000387163
138 168 3 100 762861 2.000390474
84 40 3 100 4320288 2.000393035
218 102 3 100 684882 2.000395503
25 245 3 100 90112 2.000396387
261 317 3 100 8244964 2.000397335
22 256 3 100 427417 2.000399800
130 145 3 100 185672 2.000401569
276 55 3 100 342480 2.000401600
186 173 3 100 7636612 2.000406482
142 105 3 100 14157 2.000410491
175 56 3 100 42414 2.000413256
143 25 3 100 5325 2.000414179
121 89 3 100 1388 2.000422844
301 31 3 100 8972110 2.000424646
58 170 3 100 3642284 2.000426975
291 113 3 100 23914 2.000427411
277 148 3 100 407408 2.000429280
64 219 3 100 39236 2.000430978
252 275 3 100 2331 2.000437506
141 231 3 100 30446 2.000440513
143 88 3 100 68777 2.000442408
156 4 3 100 9343863 2.000442686
281 256 3 100 22584 2.000443341
314 213 3 100 2358624 2.000443748
194 129 3 100 3405871 2.000444880
124 4 3 100 3004390 2.000445218
315 0 3 100 70686 2.000446767
289 88 3 100 9964 2.000448308
253 167 3 100 9535 2.000448470
116 221 3 100 1316449 2.000450382
122 270 3 100 446585 2.000454902
162 259 3 100 2278 2.000456552
115 104 3 100 28672 2.000456553
183 304 3 100 66916 2.000457662
17 255 3 100 27454 2.000462153
109 301 3 100 61183 2.000462245
76 123 3 100 7035 2.000462410
297 73 3 100 77112 2.000463185
113 132 3 100 78859 2.000464407
177 292 3 100 1560252 2.000466074
279 80 3 100 1723504 2.000466405
301 57 3 100 3091150 2.000469283
215 267 3 100 134516 2.000473136
44 7 3 100 55805 2.000474329
145 76 3 100 51328 2.000474455
213 195 3 100 22775 2.000474870
315 3 3 100 85466 2.000474941
82 75 3 100 1525 2.000476858
188 302 3 100 2640757 2.000482124
143 157 3 100 101826 2.000485106
318 124 3 100 472676 2.000486633
291 185 3 100 1372 2.000488491
183 70 3 100 492031 2.000493522
216 44 3 100 20312 2.000496069
87 215 3 100 4366121 2.000497521
130 239 3 100 251 2.000498973
194 152 3 100 1684751 2.000503747
313 298 3 100 2627586 2.000504655
309 299 3 100 4717137 2.000508205
99 26 3 100 1932326 2.000509109
315 309 3 100 52801 2.000510734
309 181 3 100 41621 2.000511303
218 90 3 100 2920132 2.000514004
207 84 3 100 20607 2.000516364
188 165 3 100 23079 2.000516902
318 56 3 100 8877689 2.000517182
188 16 3 100 2599555 2.000517303
255 39 3 100 543 2.000517730
89 51 3 100 598199 2.000520141
15 153 3 100 1246 2.000522807
129 220 3 100 28033 2.000529240
69 127 3 100 78382 2.000531408
44 194 3 100 1143187 2.000533293
218 173 3 100 11438 2.000533567
283 61 3 100 3897525 2.000535086
273 114 3 100 128397 2.000539177
123 281 3 100 1544023 2.000541027
160 287 3 100 8787 2.000541529
224 164 3 100 22395 2.000541616
15 177 3 100 1614410 2.000542012
173 82 3 100 2544 2.000543551
54 1 3 100 2891527 2.000550944
132 214 3 100 59287 2.000551514
116 99 3 100 6476 2.000552649
296 243 3 100 5148 2.000553552
228 70 3 100 15549 2.000555509
266 272 3 100 107064 2.000566221
198 157 3 100 29841 2.000567459
282 302 3 100 5454032 2.000569024
91 201 3 100 3061145 2.000570513
152 124 3 100 7286 2.000572332
194 112 3 100 12229 2.000572530
13 318 3 100 21728 2.000573936
132 15 3 100 2331704 2.000575598
37 202 3 100 48530 2.000576759
177 19 3 100 146138 2.000581116
256 67 3 100 1418387 2.000584637
62 116 3 100 4243362 2.000585432
279 4 3 100 25593 2.000586667
266 224 3 100 72875 2.000587055
221 177 3 100 60857 2.000592070
114 253 3 100 1303875 2.000593603
51 59 3 100 2100838 2.000599467
224 240 3 100 103351 2.000600743
93 305 3 100 1800114 2.000600871
127 290 3 100 9429572 2.000604037
236 103 3 100 4490 2.000604544
143 294 3 100 49076 2.000605120
94 65 3 100 1633 2.000606241
100 319 3 100 553303 2.000607051
213 154 3 100 1935 2.000608142
255 177 3 100 39980 2.000610219
305 226 3 100 1969946 2.000610835
79 180 3 100 58520 2.000613125
114 103 3 100 78058 2.000614083
91 211 3 100 139718 2.000614274
267 147 3 100 5906 2.000615342
238 26 3 100 1061384 2.000621330
145 160 3 100 24355 2.000622446
36 49 3 100 121788 2.000623290
220 126 3 100 5237 2.000625335
89 45 3 100 9086656 2.000627628
38 286 3 100 5498854 2.000634935
277 253 3 100 414 2.000638121
296 300 3 100 1897574 2.000638622
248 43 3 100 26447 2.000640602
14 55 3 100 349 2.000644690
32 229 3 100 2244612 2.000646651
171 251 3 100 1737 2.000648491
204 85 3 100 113984 2.000653058
202 152 3 100 12605 2.000653363
61 302 3 100 60548 2.000654074
256 317 3 100 593065 2.000654572
180 5 3 100 58172 2.000655320
224 52 3 100 40219 2.000657642
127 276 3 100 74393 2.000662422
94 268 3 100 133554 2.000667167
231 242 3 100 780949 2.000667449
43 139 3 100 79260 2.000669316
85 189 3 100 30484 2.000670712
153 71 3 100 1047274 2.000672245
295 155 3 100 20887 2.000673136
32 220 3 100 13616 2.000674924
205 66 3 100 51017 2.000675349
266 92 3 100 1244540 2.000676264
132 18 3 100 9181 2.000676629
291 307 3 100 43548 2.000677995
67 165 3 100 5081870 2.000689816
182 203 3 100 127153 2.000691487
197 300 3 100 451733 2.000692061
45 56 3 100 625 2.000693219
250 54 3 100 1975983 2.000702194
175 157 3 100 70644 2.000708160
148 54 3 100 20783566 2.000714637
66 161 3 100 128853 2.000715666
127 190 3 100 1527517 2.000723533
293 140 3 100 303388 2.000723918
12 135 3 100 33430 2.000726475
279 269 3 100 11010330 2.000739695
266 276 3 100 1168573 2.000741053
12 19 3 100 1395716 2.000757577
36 57 3 100 11027 2.000762503
12 59 3 100 870616 2.000764194
190 310 3 100 6730729 2.000772205
157 146 3 100 22427 2.000772747
188 50 3 100 6965 2.000778262
13 147 3 100 7300 2.000778270
175 94 3 100 26855 2.000780721
219 216 3 100 600647 2.000783337
69 302 3 100 5099349 2.000786625
104 40 3 100 122732 2.000788106
316 13 3 100 2897 2.000794223
224 196 3 100 85727 2.000801809
145 210 3 100 19604 2.000806880
194 104 3 100 78786 2.000809279
14 265 3 100 759342 2.000810596
213 231 3 100 4837 2.000814459
244 103 3 100 9946 2.000815836
66 56 3 100 57219 2.000823544
78 143 3 100 78490 2.000825023
259 258 3 100 78660 2.000828219
45 165 3 100 1483216 2.000831561
221 15 3 100 46141 2.000836090
309 33 3 100 53746 2.000841555
197 98 3 100 109017 2.000850093
216 61 3 100 3765504 2.000861071
296 126 3 100 34715 2.000871279
276 79 3 100 1408907 2.000883134
224 212 3 100 1470650 2.000898073
254 108 3 100 64633 2.000935752
259 289 3 100 17637 2.000986084
