0b00e901 0b007a01 10000 100 6735 2000000147 12777 12805
0b00af01 0b008101 10000 100 29518 2000004759 10798 10676
0b011f01 0b009e01 10000 100 22464 2000011116 14147 14125
0b004f01 0b00af01 10000 100 74334 2000008439 18738 18474
0b011c01 0b002901 10000 100 1386 2000016952 12314 12358
0b008501 0b000301 10000 100 26875 2000019484 14785 14493
0b004201 0b008801 10000 100 38526 2000033308 15544 15471
0b007701 0b00fe01 10000 100 13934 2000035518 13427 13408
0b00e601 0b00d601 10000 100 68120 2000035696 14077 13914
0b00b001 0b013501 10000 100 15722 2000037881 13559 13559
0b001701 0b006201 10000 100 10692 2000038452 13121 13137
0b000301 0b004e01 10000 100 5836 2000042370 13378 12729
0b011701 0b00f901 10000 100 18783 2000042548 13909 13815
0b005a01 0b000601 10000 100 5356 2000046450 12659 12691
0b002b01 0b008401 10000 100 71211 2000042700 18390 18213
0b00cb01 0b002001 10000 100 1179 2000051234 12297 12342
0b006301 0b001501 10000 100 140076 2000044519 24852 23987
0b012901 0b001b01 10000 100 9339 2000058398 13006 13025
0b00c301 0b00a701 10000 100 127368 2000055692 23274 22920
0b002501 0b006b01 10000 100 25414 2000065477 16546 14372
0b00f901 0b00dd01 10000 100 323966 2000047529 36478 35361
0b011101 0b00ff01 10000 100 4666 2000072344 12597 12632
0b003301 0b011c01 10000 100 250231 2000053469 33964 33222
0b002d01 0b013601 10000 100 691646 2000017059 72365 70228
0b008d01 0b00f501 10000 100 42776 2000073953 15912 15827
0b000401 0b001501 10000 100 2265 2000082373 8420 8392
0b00b001 0b009601 10000 100 349501 2000052569 38573 37504
0b00c201 0b007301 10000 100 39683 2000076289 15643 15568
0b011c01 0b004601 10000 100 6921 2000084433 12802 12820
0b002201 0b00c901 10000 100 8983 2000087156 12972 12993
0b001f01 0b00cf01 10000 100 15267 2000092454 13559 13522
0b00f701 0b00af01 10000 100 60288 2000088255 17954 17297
0b007a01 0b00ec01 10000 100 3698 2000095449 12513 12551
0b001001 0b006c01 10000 100 770 2000095861 12222 12305
0b009901 0b000101 10000 100 191434 2000080239 28848 28292
0b004d01 0b012001 10000 100 328609 2000034563 77170 39792
0b00cf01 0b010501 10000 100 43002 2000097019 16049 15849
0b000301 0b006401 10000 100 967326 2000013018 100560 93343
0b00c801 0b006b01 10000 100 26318 2000099107 14524 14449
0b00e001 0b00d701 10000 100 2535 2000109383 8369 8414
0b00ba01 0b008001 10000 100 5491 2000111898 8626 8662
0b011101 0b006801 10000 100 37240 2000106871 15434 15365
0b010701 0b00f701 10000 100 1115048 2000014816 111544 105729
0b012101 0b011701 10000 100 5130 2000117519 8997 8633
0b009c01 0b005101 10000 100 67756 2000112156 18100 17921
0b00eb01 0b003a01 10000 100 23930 2000119214 14271 14246
0b00cb01 0b00a301 10000 100 59809 2000117776 17394 17255
0b00c901 0b00ad01 10000 100 28892 2000121988 14703 14662
0b004e01 0b008c01 10000 100 4740 2000125383 12603 12638
0b001001 0b011601 10000 100 56336 2000121420 17187 16965
0b002901 0b005901 10000 100 1860 2000132391 12459 12396
0b00ec01 0b001e01 10000 100 71041 2000130217 19407 18199
0b008601 0b010d01 10000 100 35402 2000135713 15288 15210
0b005901 0b00fa01 10000 100 29304 2000139116 14762 14699
0b007301 0b000301 10000 100 169662 2000114979 41257 26465
0b008101 0b005a01 10000 100 34289 2000144549 15207 15117
0b007301 0b008601 10000 100 13347 2000148445 13492 13361
0b004f01 0b00c601 10000 100 27634 2000147590 14615 14558
0b00ac01 0b00d901 10000 100 164461 2000137092 26533 26030
0b00eb01 0b009d01 10000 100 24840 2000150914 14351 14323
0b011301 0b009901 10000 100 9817 2000153254 13064 13063
0b011c01 0b001b01 10000 100 17052 2000154224 13889 13673
0b009e01 0b00e701 10000 100 214214 2000140023 30840 30202
0b009201 0b00fa01 10000 100 5185 2000159668 12646 12677
0b007601 0b00c501 10000 100 43600 2000158341 16373 15896
0b00b901 0b00c701 10000 100 171898 2000135568 41590 26652
0b00fc01 0b013f01 10000 100 484387 2000120583 57815 52853
0b003c01 0b00c701 10000 100 182854 2000136749 41884 27571
0b00ae01 0b00b601 10000 100 150461 2000158599 21259 20816
0b00bf01 0b001d01 10000 100 6499 2000167951 12808 12786
0b00ba01 0b005601 10000 100 7841 2000167965 12872 12898
0b000d01 0b011101 10000 100 9322 2000169158 13005 13024
0b00c701 0b010101 10000 100 4825 2000170959 12638 12645
0b004201 0b004b01 10000 100 3307 2000181757 4393 4439
0b000901 0b001c01 10000 100 30545 2000178641 10805 10762
0b007a01 0b00ee01 10000 100 41259 2000174964 15803 15702
0b00b401 0b005401 10000 100 39967 2000174653 16371 15590
0b00d701 0b00fd01 10000 100 7929 2000182885 8835 8865
0b00c001 0b007501 10000 100 195254 2000163960 29182 28612
0b009701 0b007701 10000 100 9968 2000181217 13056 13075
0b011a01 0b003301 10000 100 193702 2000167085 29043 28481
0b009601 0b00e401 10000 100 7754 2000197067 13490 12891
0b00b401 0b00fb01 10000 100 24351 2000199943 14487 14284
0b008501 0b000a01 10000 100 66486 2000196524 18009 17816
0b006401 0b00b401 10000 100 1140911 2000102784 112738 107894
0b009001 0b00dc01 10000 100 224185 2000185894 31752 31038
0b00a901 0b00d301 10000 100 76452 2000198954 18850 18651
0b000301 0b003a01 10000 100 196068 2000191840 27890 24641
0b009501 0b000f01 10000 100 1187883 2000101884 118127 111832
0b011201 0b010901 10000 100 4119 2000211930 8517 8548
0b005c01 0b000101 10000 100 22378 2000208789 16049 14118
0b002301 0b006a01 10000 100 414456 2000177406 48282 46990
0b010501 0b004201 10000 100 41756 2000210742 15823 15741
0b009501 0b00fe01 10000 100 188867 2000202597 31254 28075
0b00a001 0b011501 10000 100 268710 2000201727 35585 34769
0b00c201 0b013901 10000 100 22665 2000220790 18268 14141
0b00c601 0b003801 10000 100 34115 2000221482 18120 15103
0b00b701 0b007001 10000 100 29824 2000229061 14785 14741
0b009c01 0b005201 10000 100 8894 2000233981 12963 12986
0b000501 0b011f01 10000 100 70547 2000228974 18346 18156
0b013601 0b005101 10000 100 27459 2000235824 14601 14544
0b008901 0b011d01 10000 100 55138 2000234530 17481 16866
0b013901 0b011001 10000 100 422542 2000173337 79303 43627
0b00ed01 0b00a501 10000 100 68733 2000236643 18191 18003
0b011b01 0b004301 10000 100 25124 2000245410 15836 14349
0b000a01 0b008001 10000 100 66794 2000247150 20872 17840
0b001701 0b00d801 10000 100 324930 2000229866 40510 39482
0b00fc01 0b001601 10000 100 21396 2000259649 14315 14036
0b012401 0b011201 10000 100 21870 2000273210 10095 10034
0b006101 0b00cd01 10000 100 37568 2000272879 15812 15391
0b012b01 0b010a01 10000 100 1630540 2000139088 150025 144906
0b011601 0b00ec01 10000 100 1707429 2000122975 166202 155393
0b00c701 0b010f01 10000 100 547220 2000230376 59811 58121
0b007901 0b008101 10000 100 66859 2000272958 18037 17846
0b005801 0b013901 10000 100 8638 2000278090 15709 12965
0b003e01 0b001d01 10000 100 71326 2000282378 15412 14182
0b00d801 0b013801 10000 100 164280 2000277658 26486 26016
0b004d01 0b011e01 10000 100 85739 2000263058 41819 19429
0b00aa01 0b004501 10000 100 630 2000292747 12258 12294
0b009501 0b003901 10000 100 49858 2000285218 20614 16420
0b013c01 0b00b801 10000 100 8105 2000293794 12943 12922
0b008501 0b003501 10000 100 73043 2000289509 18552 18367
0b00e801 0b013101 10000 100 1106071 2000194546 115658 104976
0b010301 0b00e101 10000 100 97671 2000291546 20720 20430
0b00ea01 0b005901 10000 100 181339 2000272934 43743 27446
0b00d801 0b006401 10000 100 66728 2000300907 18042 17835
0b013a01 0b009901 10000 100 17931 2000304410 15339 13743
0b004a01 0b003001 10000 100 1732990 2000158360 163658 157533
0b009e01 0b00a501 10000 100 67578 2000310037 14054 13867
0b011601 0b000501 10000 100 2337 2000315329 12409 12438
0b004301 0b007701 10000 100 64932 2000320331 14120 13644
0b007a01 0b005901 10000 100 179270 2000311056 23787 23232
0b006b01 0b00b201 10000 100 1086170 2000225703 109975 103307
0b00bc01 0b00a701 10000 100 26408 2000320917 17345 10416
0b00bc01 0b008601 10000 100 56091 2000318753 20201 12906
0b003d01 0b013401 10000 100 36929 2000324764 16466 15336
0b013b01 0b009001 10000 100 819172 2000216200 125658 80922
0b00b401 0b007b01 10000 100 29543 2000328703 14781 14718
0b007e01 0b006001 10000 100 24070 2000332849 10683 10221
0b007901 0b013001 10000 100 15153 2000333619 13583 13513
0b012401 0b00bd01 10000 100 343569 2000305784 42102 41046
0b005c01 0b003e01 10000 100 2209420 2000138219 210773 197480
0b000d01 0b00ce01 10000 100 75528 2000330663 18767 18574
0b007401 0b00e701 10000 100 4933 2000338092 12618 12653
0b012501 0b005801 10000 100 5872 2000340941 12726 12732
0b00cf01 0b007501 10000 100 42102 2000340734 16524 15773
0b00df01 0b000b01 10000 100 4621 2000345713 12594 12628
0b012801 0b000201 10000 100 27715 2000343949 14640 14564
0b013e01 0b000101 10000 100 61796 2000346712 17587 17421
0b011901 0b005a01 10000 100 82253 2000345079 19351 19138
0b010101 0b00fc01 10000 100 74088 2000330395 35746 18455
0b009601 0b000401 10000 100 1129471 2000252145 114584 106936
0b010d01 0b007501 10000 100 6376 2000358514 12765 12776
0b003301 0b009a01 10000 100 45850 2000355654 16534 16084
0b00f301 0b008801 10000 100 22198 2000356496 15932 14104
0b010001 0b003d01 10000 100 7855 2000360962 12886 12899
0b007201 0b010201 10000 100 25107 2000360141 14413 14348
0b00ea01 0b011e01 10000 100 28866 2000359427 17199 14660
0b00cd01 0b00b501 10000 100 21168 2000362394 15731 14017
0b010901 0b00a201 10000 100 59904 2000360317 22423 17262
0b010b01 0b00b201 10000 100 9624 2000370289 13052 13048
0b006b01 0b008801 10000 100 5019 2000372840 12907 12664
0b002b01 0b013601 10000 100 52591 2000370567 16767 16650
0b012001 0b007001 10000 100 227735 2000358830 32023 31334
0b002f01 0b002501 10000 100 1074293 2000234564 156465 94231
0b009a01 0b003901 10000 100 18233 2000374288 16888 13771
0b008c01 0b00df01 10000 100 22919 2000373896 18174 14161
0b00bd01 0b001601 10000 100 16246 2000378415 13703 13604
0b00eb01 0b001c01 10000 100 8802 2000379505 13573 12978
0b00dc01 0b003801 10000 100 49050 2000377228 16503 16356
0b013c01 0b00c301 10000 100 16366 2000386681 13637 13614
0b010701 0b012b01 10000 100 53348 2000387163 14315 12675
0b007c01 0b00e501 10000 100 3916037 2000043411 358828 340564
0b002501 0b006101 10000 100 3746421 2000050741 352217 326342
0b001f01 0b00bb01 10000 100 608100 2000334221 69292 63226
0b004501 0b008801 10000 100 2456714 2000050540 353043 218212
0b010101 0b001101 10000 100 440018 2000316823 95123 49134
0b001901 0b00f501 10000 100 90112 2000396386 20081 19798
0b008e01 0b006901 10000 100 14157 2000410490 13429 13430
0b008201 0b009101 10000 100 185672 2000401569 24495 23768
0b008f01 0b001901 10000 100 5325 2000414178 12971 12689
0b005901 0b001f01 10000 100 962410 2000320697 106682 92930
0b00af01 0b003801 10000 100 42414 2000413255 15886 15798
0b007901 0b005901 10000 100 1388 2000422844 8298 8318
0b00e601 0b00f801 10000 100 2445798 2000204505 231656 213256
0b012301 0b007101 10000 100 23914 2000427410 14326 14245
0b011401 0b003701 10000 100 342480 2000401600 42008 40955
0b004001 0b00db01 10000 100 39236 2000430977 15624 15532
0b00fc01 0b011301 10000 100 2331 2000437505 12530 12438
0b011901 0b010001 10000 100 22584 2000443340 11341 10095
0b008d01 0b00e701 10000 100 30446 2000440513 14871 14794
0b012701 0b004401 10000 100 2365047 2000243447 217955 210529
0b003201 0b005e01 10000 100 1597091 2000202798 259283 146143
0b012101 0b005801 10000 100 9964 2000448308 13867 13075
0b00fd01 0b00a701 10000 100 9535 2000448469 13841 13041
0b008f01 0b005801 10000 100 68777 2000442408 22316 18007
0b001601 0b010001 10000 100 427417 2000399799 66031 48076
0b007301 0b006801 10000 100 28672 2000456552 11043 10605
0b008a01 0b00a801 10000 100 762861 2000390474 78384 72158
0b00a201 0b010301 10000 100 2278 2000456552 12505 12433
0b004701 0b00fc01 10000 100 4872336 2000002573 468497 420739
0b004c01 0b007b01 10000 100 7035 2000462409 8764 8793
0b013b01 0b000001 10000 100 70686 2000446767 24421 18167
0b00da01 0b006601 10000 100 684882 2000395503 76483 69660
0b009201 0b013901 10000 100 1430974 2000182038 290064 132212
0b00b701 0b013001 10000 100 66916 2000457662 18052 17850
0b001101 0b00ff01 10000 100 27454 2000462152 16910 14543
0b012901 0b004901 10000 100 77112 2000463185 19474 18708
0b007101 0b008401 10000 100 78859 2000464406 19059 18852
0b005201 0b004b01 10000 100 1525 2000476857 8281 8329
0b00d501 0b00c301 10000 100 22775 2000474870 10298 10110
0b002c01 0b000701 10000 100 55805 2000474329 13022 12879
0b006d01 0b012d01 10000 100 61183 2000462245 27095 17372
0b009101 0b004c01 10000 100 51328 2000474454 16679 16545
0b00d701 0b010b01 10000 100 134516 2000473136 24917 23519
0b012301 0b00b901 10000 100 1372 2000488491 12313 12357
0b009a01 0b00b501 10000 100 2133532 2000300692 203716 187077
0b008f01 0b009d01 10000 100 101826 2000485106 20457 16737
0b011501 0b009401 10000 100 407408 2000429280 78758 46399
0b013b01 0b000301 10000 100 85466 2000474940 33369 19407
0b00d801 0b002c01 10000 100 20312 2000496068 13983 13945
0b008201 0b00ef01 10000 100 251 2000498973 12096 12263
0b000e01 0b011e01 10000 100 1448592 2000375560 138238 133691
0b004901 0b001801 10000 100 4990828 2000060346 465663 430671
0b013b01 0b013501 10000 100 52801 2000510734 17472 8587
0b00ff01 0b002701 10000 100 543 2000517729 12166 12287
0b00cf01 0b005401 10000 100 20607 2000516364 14305 13969
0b00bc01 0b00a501 10000 100 23079 2000516902 16093 10138
0b013501 0b00b501 10000 100 41621 2000511303 23067 15730
0b000f01 0b009901 10000 100 1246 2000522806 12303 12347
0b008101 0b00dc01 10000 100 28033 2000529240 14819 14594
0b007a01 0b010e01 10000 100 446585 2000454901 89783 49683
0b004501 0b007f01 10000 100 78382 2000531408 14968 14773
0b00b701 0b004601 10000 100 492031 2000493522 55057 53495
0b00da01 0b00ad01 10000 100 11438 2000533567 15211 13201
0b008c01 0b00ae01 10000 100 2865906 2000195543 354395 248477
0b001701 0b009401 10000 100 1145641 2000386777 163945 108291
0b013e01 0b007c01 10000 100 472676 2000486632 67107 51870
0b00a001 0b011f01 10000 100 8787 2000541528 12993 12977
0b00ad01 0b005201 10000 100 2544 2000543550 12428 12455
0b00e001 0b00a401 10000 100 22395 2000541616 14936 14119
0b007401 0b006301 10000 100 6476 2000552648 9299 8744
0b011101 0b007201 10000 100 128397 2000539176 23392 23007
0b012801 0b00f301 10000 100 5148 2000553551 12698 12674
0b008401 0b00d601 10000 100 59287 2000551514 17363 17213
0b00e401 0b004601 10000 100 15549 2000555508 13692 13545
0b00cb01 0b007e01 10000 100 4738843 2000129148 440557 409545
0b009c01 0b00fd01 10000 100 1670800 2000369028 210794 152320
0b007401 0b00dd01 10000 100 1316449 2000450381 132994 122613
0b00c601 0b009d01 10000 100 29841 2000567458 16034 14742
0b009801 0b007c01 10000 100 7286 2000572331 12941 12853
0b005901 0b003301 10000 100 598199 2000520140 67081 62396
0b00c201 0b007001 10000 100 12229 2000572529 15460 13268
0b000d01 0b013e01 10000 100 21728 2000573935 14387 14062
0b010a01 0b011001 10000 100 107064 2000566221 26253 17179
0b001501 0b000301 10000 100 5340182 2000048886 543695 455924
0b002501 0b00ca01 10000 100 48530 2000576758 16447 16310
0b001101 0b00e801 10000 100 1419778 2000382903 215937 131275
0b008f01 0b011a01 10000 100 1341077 2000331275 268263 124679
0b010101 0b003b01 10000 100 4088204 2000184937 419809 354998
0b010a01 0b00e001 10000 100 72875 2000587055 18555 18350
0b00fb01 0b001c01 10000 100 3013851 2000318097 288992 264921
0b011701 0b000401 10000 100 25593 2000586666 21077 14387
0b00dd01 0b00b101 10000 100 60857 2000592070 22182 17342
0b005e01 0b004101 10000 100 1633 2000606240 8289 8338
0b00ec01 0b006701 10000 100 4490 2000604544 12658 12618
0b00e001 0b00f001 10000 100 103351 2000600743 17161 16867
0b00d501 0b009a01 10000 100 1935 2000608141 12401 12402
0b008f01 0b012601 10000 100 49076 2000605119 16486 16358
0b00b101 0b001301 10000 100 146138 2000581116 40757 24495
0b002901 0b004301 10000 100 3377789 2000115726 509279 295434
0b00ff01 0b00b101 10000 100 39980 2000610218 17255 15592
0b010b01 0b009301 10000 100 5906 2000615342 12719 12735
0b006d01 0b00a701 10000 100 4808528 2000181769 448192 415388
0b004f01 0b00b401 10000 100 58520 2000613125 17288 17148
0b00b101 0b012401 10000 100 1560252 2000466074 166145 143054
0b009101 0b00a001 10000 100 24355 2000622445 10304 10244
0b011701 0b005001 10000 100 1723504 2000466405 169250 156740
0b007201 0b006701 10000 100 78058 2000614082 21693 14748
0b00dc01 0b007e01 10000 100 5237 2000625335 12650 12682
0b002401 0b003101 10000 100 121788 2000623290 18773 18411
0b011501 0b00fd01 10000 100 414 2000638121 12219 12276
0b005b01 0b00d301 10000 100 139718 2000614274 36468 23955
0b002f01 0b011d01 10000 100 3472456 2000281746 370534 303372
0b000e01 0b003701 10000 100 349 2000644690 8109 8231
0b00f801 0b002b01 10000 100 26447 2000640601 14528 14459
0b002c01 0b00c201 10000 100 1143187 2000533293 126887 108087
0b00ab01 0b00fb01 10000 100 1737 2000648491 12342 12386
0b00ca01 0b009801 10000 100 12605 2000653363 13810 13298
0b006401 0b013f01 10000 100 553303 2000607050 61584 58631
0b00b401 0b000501 10000 100 58172 2000655319 17275 17120
0b00e001 0b003401 10000 100 40219 2000657642 15769 15614
0b00ea01 0b008901 10000 100 4773516 2000178073 496281 412453
0b00cc01 0b005501 10000 100 113984 2000653058 22894 21796
0b003d01 0b012e01 10000 100 60548 2000654073 23162 17318
0b012701 0b009b01 10000 100 20887 2000673136 14026 13991
0b007f01 0b011401 10000 100 74393 2000662421 25110 18479
0b005501 0b00bd01 10000 100 30484 2000670711 17407 14797
0b002b01 0b008b01 10000 100 79260 2000669316 19154 18888
0b002001 0b00dc01 10000 100 13616 2000674924 14449 13383
0b008401 0b001201 10000 100 9181 2000676628 13689 13012
0b010801 0b00ec01 10000 100 2264150 2000336577 354362 202069
0b005e01 0b010c01 10000 100 133554 2000667167 23868 23438
0b00cd01 0b004201 10000 100 51017 2000675349 16634 16521
0b001b01 0b011001 10000 100 5173198 2000144131 549156 445964
0b012301 0b013301 10000 100 43548 2000677995 15721 11852
0b007b01 0b011901 10000 100 1544023 2000541027 152783 141694
0b002d01 0b003801 10000 100 625 2000693218 8286 8253
0b00af01 0b009d01 10000 100 70644 2000708159 14314 14124
0b00b601 0b00cb01 10000 100 127153 2000691487 34309 22903
0b000f01 0b00b101 10000 100 1614410 2000542011 185816 147594
0b007201 0b00fd01 10000 100 1303875 2000593602 135328 121557
0b00a401 0b012a01 10000 100 5522474 2000112493 618917 475246
0b004201 0b00a101 10000 100 128853 2000715666 23461 23043
0b000c01 0b008701 10000 100 33430 2000726475 15317 15044
0b00e701 0b00f201 10000 100 780949 2000667448 76088 73674
0b00c101 0b00da01 10000 100 3976755 2000366584 395941 341612
0b012501 0b008c01 10000 100 303388 2000723917 41114 37678
0b002401 0b003901 10000 100 11027 2000762502 10087 9128
0b003a01 0b00aa01 10000 100 3642284 2000426974 345658 317611
0b010001 0b013d01 10000 100 593065 2000654572 122389 57926
0b009d01 0b009201 10000 100 22427 2000772747 6056 6042
0b009901 0b004701 10000 100 1047274 2000672245 107988 100046
0b003201 0b008001 10000 100 4805991 2000233563 551625 415174
0b00c501 0b012c01 10000 100 451733 2000692061 94221 50114
0b002901 0b013901 10000 100 3971995 2000173968 615813 345252
0b000d01 0b009301 10000 100 7300 2000778270 12859 12854
0b00bc01 0b003201 10000 100 6965 2000778261 14555 12824
0b00af01 0b005e01 10000 100 26855 2000780720 14546 14492
0b003301 0b003b01 10000 100 2100838 2000599466 196010 180294
0b00ee01 0b001a01 10000 100 1061384 2000621329 174551 101228
0b010001 0b004301 10000 100 1418387 2000584637 212674 131159
0b005401 0b002801 10000 100 4320288 2000393035 404366 374455
0b00da01 0b005a01 10000 100 2920132 2000514003 284482 257067
0b006301 0b001a01 10000 100 1932326 2000509108 291826 174248
0b013c01 0b000d01 10000 100 2897 2000794223 12451 12483
0b006801 0b002801 10000 100 122732 2000788105 22883 22530
0b008401 0b000f01 10000 100 2331704 2000575598 238118 207731
0b00e001 0b00c401 10000 100 85727 2000801808 15627 15388
0b00c201 0b009801 10000 100 1684751 2000503747 314332 153490
0b009101 0b00d201 10000 100 19604 2000806879 13916 13885
0b00d501 0b00e701 10000 100 4837 2000814458 8627 8606
0b00f401 0b006701 10000 100 9946 2000815836 13058 13074
0b003601 0b000101 10000 100 2891527 2000550943 278137 250627
0b00c201 0b006801 10000 100 78786 2000809278 25843 18846
0b010301 0b010201 10000 100 78660 2000828219 10947 10756
0b00db01 0b00d801 10000 100 600647 2000783337 56360 54519
0b010a01 0b005c01 10000 100 1244540 2000676263 167598 116584
0b004e01 0b008f01 10000 100 78490 2000825022 19035 18822
0b004201 0b003801 10000 100 57219 2000823544 21861 17040
0b00dd01 0b000f01 10000 100 46141 2000836089 16235 16111
0b012801 0b012c01 10000 100 1897574 2000638621 220921 163254
0b002001 0b00e501 10000 100 2244612 2000646650 212928 200429
0b013b01 0b00d701 10000 100 4007468 2000245233 615784 348228
0b013501 0b002101 10000 100 53746 2000841555 22260 16747
0b013a01 0b00d501 10000 100 2358624 2000443747 422488 209988
0b008c01 0b00de01 10000 100 4555837 2000349949 519764 394202
0b005b01 0b00c901 10000 100 3061145 2000570512 301838 268889
0b00c501 0b006201 10000 100 109017 2000850092 35369 21383
0b012801 0b007e01 10000 100 34715 2000871279 15232 15151
0b000e01 0b010901 10000 100 759342 2000810595 78276 75905
0b010a01 0b011401 10000 100 1168573 2000741053 155277 106174
0b005d01 0b013101 10000 100 1800114 2000600871 298868 163164
0b00c201 0b008101 10000 100 3405871 2000444879 472480 297788
0b000c01 0b003b01 10000 100 870616 2000764193 159618 81193
0b008901 0b013301 10000 100 6583540 2000296242 631485 564205
0b011b01 0b003d01 10000 100 3897525 2000535086 413688 339010
0b012101 0b00a201 10000 100 9736731 2000012207 936885 828568
0b00fe01 0b006c01 10000 100 64633 2000935752 17820 17660
0b000c01 0b001301 10000 100 1395716 2000757576 205320 125217
0b013901 0b012a01 10000 100 2627586 2000504654 461071 228498
0b013501 0b012b01 10000 100 4717137 2000508205 457818 403688
0b013101 0b00e201 10000 100 1969946 2000610834 367296 177400
0b00c601 0b00e801 10000 100 6837221 2000195435 783063 581435
0b003e01 0b007401 10000 100 4243362 2000585431 398632 368005
0b010301 0b012101 10000 100 17637 2000986083 9707 9680
0b007a01 0b00cb01 10000 100 6190145 2000359964 636440 531225
0b007f01 0b00be01 10000 100 1527517 2000723532 277900 140308
0b007c01 0b000401 10000 100 3004390 2000445217 559789 264130
0b011401 0b004f01 10000 100 1408907 2000883133 135499 130363
0b00e001 0b00d401 10000 100 1470650 2000898073 136094 131500
0b012d01 0b003901 10000 100 3091150 2000469283 566526 271405
0b008701 0b011a01 10000 100 7274458 2000196111 841262 622132
0b004d01 0b013401 10000 100 4400059 2000000106 1075925 381144
0b00fa01 0b003601 10000 100 1975983 2000702194 374511 177906
0b005701 0b00d701 10000 100 4366121 2000497520 590270 378298
0b002d01 0b00a501 10000 100 1483216 2000831561 261755 136595
0b00ba01 0b00ad01 10000 100 7636612 2000406481 706950 648455
0b002601 0b011e01 10000 100 5498854 2000634934 516309 473264
0b011301 0b005701 10000 100 5352559 2000179798 975281 461000
0b00bc01 0b012e01 10000 100 2640757 2000482123 702308 233642
0b005d01 0b003901 10000 100 6759787 2000264751 926889 578981
0b00bc01 0b001001 10000 100 2599555 2000517303 677911 230188
0b010501 0b013d01 10000 100 8244964 2000397335 822719 699457
0b00d801 0b003d01 10000 100 3765504 2000861071 383237 327941
0b004301 0b00a501 10000 100 5081870 2000689815 615009 438304
0b013e01 0b003801 10000 100 8877689 2000517181 819525 756546
0b00bc01 0b012d01 10000 100 7772176 2000151245 1189153 663862
0b005501 0b013501 10000 100 11342370 2000265125 1084769 963186
0b007801 0b007301 10000 100 13946690 2000103059 1249679 1173451
0b00be01 0b013601 10000 100 6730729 2000772205 627892 576545
0b004d01 0b00a401 10000 100 5539348 2000104428 1300819 476661
0b00c501 0b010701 10000 100 8226856 2000076867 1342542 701980
0b001601 0b00ec01 10000 100 9800384 2000311925 1129724 833906
0b005901 0b002d01 10000 100 9086656 2000627628 846553 774066
0b00f701 0b006201 10000 100 7308732 2000150577 1332337 625005
0b012d01 0b001f01 10000 100 8972110 2000424645 1096243 764465
0b004d01 0b008801 10000 100 6989712 2000076019 1445197 598258
0b009c01 0b000401 10000 100 9343863 2000442685 1131592 795630
0b007f01 0b012201 10000 100 9429572 2000604037 974675 802816
0b013901 0b005701 10000 100 9815723 2000238189 1382329 835191
0b011a01 0b012e01 10000 100 5454032 2000569023 1115548 465469
0b011701 0b010d01 10000 100 11010330 2000739695 966048 931308
0b00a201 0b010701 10000 100 9693605 2000270528 1462136 824953
0b004501 0b012e01 10000 100 5099349 2000786624 996233 439771
0b001001 0b00e401 10000 100 20724340 2000145036 1906092 1749771
0b013a01 0b00cf01 10000 100 24445140 2000163548 2350472 2061723
0b009401 0b003601 10000 100 20783566 2000714637 2023468 1754735
0b013101 0b00f101 10000 100 29708675 2000253830 2797216 2503016
0b005f01 0b006201 10000 100 28886717 2000231305 3182387 2430063
