20
0 319 3 100 3000000000 2.000
1 319 3 100 3000000000 2.000
63 319 3 100 50000 2.000600
62 319 3 100 50000 2.000600
61 319 3 100 50000 2.000600
128 319 3 100 50000 2.000600
129 319 3 100 50000 2.000600
130 319 3 100 50000 2.000600
192 319 3 100 50000 2.000600
193 319 3 100 50000 2.000600
194 319 3 100 50000 2.000600
63 318 3 100 1000000000 2.001200
62 317 3 100 1000000000 2.001200
61 316 3 100 1000000000 2.001200
128 315 3 100 1000000000 2.001200
129 314 3 100 1000000000 2.001200
130 313 3 100 1000000000 2.001200
192 312 3 100 1000000000 2.001200
193 311 3 100 1000000000 2.001200
194 310 3 100 1000000000 2.001200
