#Time(s)	Thru(Gbps)
0.000012 0.000000
0.000024 0.000000
0.000036 0.000000
0.000048 0.000000
0.000060 0.000000
0.000072 0.000000
0.000084 0.000000
0.000096 0.000000
0.000108 0.000000
0.000120 0.000000
0.000132 0.000000
0.000144 0.000000
0.000156 0.000000
0.000168 0.000000
0.000180 0.000000
0.000192 0.000000
0.000204 0.000000
0.000216 0.000000
0.000228 0.000000
0.000240 0.000000
0.000252 0.000000
0.000264 0.000000
0.000276 0.000000
0.000288 0.000000
0.000300 0.000000
0.000312 0.000000
0.000324 0.000000
0.000336 0.000000
0.000348 0.000000
0.000360 0.000000
0.000372 0.000000
0.000384 0.000000
0.000396 0.000000
0.000408 0.000000
0.000420 0.000000
0.000432 0.000000
0.000444 0.000000
0.000456 0.000000
0.000468 0.000000
0.000480 0.000000
0.000492 0.000000
0.000504 0.000000
0.000516 0.000000
0.000528 0.000000
0.000540 0.000000
0.000552 0.000000
0.000564 0.000000
0.000576 0.000000
0.000588 0.000000
0.000600 0.000000
0.000612 0.000000
0.000624 0.000000
0.000636 0.000000
0.000648 0.000000
0.000660 0.000000
0.000672 0.000000
0.000684 0.000000
0.000696 0.000000
0.000708 0.000000
0.000720 0.000000
0.000732 0.000000
0.000744 0.000000
0.000756 0.000000
0.000768 0.000000
0.000780 0.000000
0.000792 0.000000
0.000804 0.000000
0.000816 0.000000
0.000828 0.000000
0.000840 0.000000
0.000852 0.000000
0.000864 0.000000
0.000876 0.000000
0.000888 0.000000
0.000900 0.000000
0.000912 0.000000
0.000924 0.000000
0.000936 0.000000
0.000948 0.000000
0.000960 0.000000
0.000972 0.000000
0.000984 0.000000
0.000996 0.000000
0.001008 0.000000
0.001020 0.000000
0.001032 0.000000
0.001044 0.000000
0.001056 0.000000
0.001068 0.000000
0.001080 0.000000
0.001092 0.000000
0.001104 0.000000
0.001116 0.000000
0.001128 0.000000
0.001140 0.000000
0.001152 0.000000
0.001164 0.000000
0.001176 0.000000
0.001188 0.000000
0.001200 0.000000
0.001212 0.000000
0.001224 0.000000
0.001236 0.000000
0.001248 0.000000
0.001260 0.000000
0.001272 0.000000
0.001284 0.000000
0.001296 0.000000
0.001308 0.000000
0.001320 0.000000
0.001332 0.000000
0.001344 0.000000
0.001356 0.000000
0.001368 0.000000
0.001380 0.000000
0.001392 0.000000
0.001404 0.000000
0.001416 0.000000
0.001428 0.000000
0.001440 0.000000
0.001452 0.000000
0.001464 0.000000
0.001476 0.000000
0.001488 0.000000
0.001500 0.000000
0.001512 0.000000
0.001524 0.000000
0.001536 0.000000
0.001548 0.000000
0.001560 0.000000
0.001572 0.000000
0.001584 0.000000
0.001596 0.000000
0.001608 0.000000
0.001620 0.000000
0.001632 0.000000
0.001644 0.000000
0.001656 0.000000
0.001668 0.000000
0.001680 0.000000
0.001692 0.000000
0.001704 0.000000
0.001716 0.000000
0.001728 0.000000
0.001740 0.000000
0.001752 0.000000
0.001764 0.000000
0.001776 0.000000
0.001788 0.000000
0.001800 0.000000
0.001812 0.000000
0.001824 0.000000
0.001836 0.000000
0.001848 0.000000
0.001860 0.000000
0.001872 0.000000
0.001884 0.000000
0.001896 0.000000
0.001908 0.000000
0.001920 0.000000
0.001932 0.000000
0.001944 0.000000
0.001956 0.000000
0.001968 0.000000
0.001980 0.000000
0.001992 0.000000
0.002004 0.000000
0.002016 0.000000
0.002028 0.000000
0.002040 0.000000
0.002052 0.000000
0.002064 0.000000
0.002076 0.000000
0.002088 0.000000
0.002100 0.000000
0.002112 0.000000
0.002124 0.000000
0.002136 0.000000
0.002148 0.000000
0.002160 0.000000
0.002172 0.000000
0.002184 0.000000
0.002196 0.000000
0.002208 0.000000
0.002220 0.000000
0.002232 0.000000
0.002244 0.000000
0.002256 0.000000
0.002268 0.000000
0.002280 0.000000
0.002292 0.000000
0.002304 0.000000
0.002316 0.000000
0.002328 0.000000
0.002340 0.000000
0.002352 0.000000
0.002364 0.000000
0.002376 0.000000
0.002388 0.000000
0.002400 0.000000
0.002412 0.000000
0.002424 0.000000
0.002436 0.000000
0.002448 0.000000
0.002460 0.000000
0.002472 0.000000
0.002484 0.000000
0.002496 0.000000
0.002508 0.000000
0.002520 0.000000
0.002532 0.000000
0.002544 0.000000
0.002556 0.000000
0.002568 0.000000
0.002580 0.000000
0.002592 0.000000
0.002604 0.000000
0.002616 0.000000
0.002628 0.000000
0.002640 0.000000
0.002652 0.000000
0.002664 0.000000
0.002676 0.000000
0.002688 0.000000
0.002700 0.000000
0.002712 0.000000
0.002724 0.000000
0.002736 0.000000
0.002748 0.000000
0.002760 0.000000
0.002772 0.000000
0.002784 0.000000
0.002796 0.000000
0.002808 0.000000
0.002820 0.000000
0.002832 0.000000
0.002844 0.000000
0.002856 0.000000
0.002868 0.000000
0.002880 0.000000
0.002892 0.000000
0.002904 0.000000
0.002916 0.000000
0.002928 0.000000
0.002940 0.000000
0.002952 0.000000
0.002964 0.000000
0.002976 0.000000
0.002988 0.000000
0.003000 0.000000
0.003012 0.000000
0.003024 0.000000
0.003036 0.000000
0.003048 0.000000
0.003060 0.000000
0.003072 0.000000
0.003084 0.000000
0.003096 0.000000
0.003108 0.000000
0.003120 0.000000
0.003132 0.000000
0.003144 0.000000
0.003156 0.000000
0.003168 0.000000
0.003180 0.000000
0.003192 0.000000
0.003204 0.000000
0.003216 0.000000
0.003228 0.000000
0.003240 0.000000
0.003252 0.000000
0.003264 0.000000
0.003276 0.000000
0.003288 0.000000
0.003300 0.000000
0.003312 0.000000
0.003324 0.000000
0.003336 0.000000
0.003348 0.000000
0.003360 0.000000
0.003372 0.000000
0.003384 0.000000
0.003396 0.000000
0.003408 0.000000
0.003420 0.000000
0.003432 0.000000
0.003444 0.000000
0.003456 0.000000
0.003468 0.000000
0.003480 0.000000
0.003492 0.000000
0.003504 0.000000
0.003516 0.000000
0.003528 0.000000
0.003540 0.000000
0.003552 0.000000
0.003564 0.000000
0.003576 0.000000
0.003588 0.000000
0.003600 0.000000
0.003612 0.000000
0.003624 0.000000
0.003636 0.000000
0.003648 0.000000
0.003660 0.000000
0.003672 0.000000
0.003684 0.000000
0.003696 0.000000
0.003708 0.000000
0.003720 0.000000
0.003732 0.000000
0.003744 0.000000
0.003756 0.000000
0.003768 0.000000
0.003780 0.000000
0.003792 0.000000
0.003804 0.000000
0.003816 0.000000
0.003828 0.000000
0.003840 0.000000
0.003852 0.000000
0.003864 0.000000
0.003876 0.000000
0.003888 0.000000
0.003900 0.000000
0.003912 0.000000
0.003924 0.000000
0.003936 0.000000
0.003948 0.000000
0.003960 0.000000
0.003972 0.000000
0.003984 0.000000
0.003996 0.000000
0.004008 20.384000
0.004020 52.416000
0.004032 32.760000
0.004044 48.048000
0.004056 46.592000
0.004068 40.768000
0.004080 48.776000
0.004092 42.952000
0.004104 45.136000
0.004116 46.592000
0.004128 44.408000
0.004140 45.864000
0.004152 45.136000
0.004164 45.864000
0.004176 44.408000
0.004188 45.136000
0.004200 45.136000
0.004212 43.680000
0.004224 45.136000
0.004236 42.952000
0.004248 43.680000
0.004260 43.680000
0.004272 43.680000
0.004284 42.952000
0.004296 42.952000
0.004308 42.952000
0.004320 43.680000
0.004332 42.224000
0.004344 42.952000
0.004356 42.224000
0.004368 42.952000
0.004380 42.224000
0.004392 42.224000
0.004404 42.224000
0.004416 41.496000
0.004428 42.224000
0.004440 42.224000
0.004452 41.496000
0.004464 42.224000
0.004476 41.496000
0.004488 42.224000
0.004500 41.496000
0.004512 41.496000
0.004524 40.768000
0.004536 41.496000
0.004548 40.768000
0.004560 40.768000
0.004572 40.768000
0.004584 40.768000
0.004596 40.768000
0.004608 40.040000
0.004620 40.768000
0.004632 40.040000
0.004644 40.040000
0.004656 40.040000
0.004668 39.312000
0.004680 40.040000
0.004692 39.312000
0.004704 40.040000
0.004716 38.584000
0.004728 40.040000
0.004740 39.312000
0.004752 39.312000
0.004764 38.584000
0.004776 39.312000
0.004788 39.312000
0.004800 39.312000
0.004812 38.584000
0.004824 39.312000
0.004836 39.312000
0.004848 39.312000
0.004860 37.856000
0.004872 39.312000
0.004884 38.584000
0.004896 37.856000
0.004908 38.584000
0.004920 38.584000
0.004932 37.856000
0.004944 37.856000
0.004956 37.856000
0.004968 37.856000
0.004980 38.584000
0.004992 37.856000
0.005004 37.856000
0.005016 38.584000
0.005028 37.856000
0.005040 37.856000
0.005052 38.584000
0.005064 38.584000
0.005076 37.856000
0.005088 38.584000
0.005100 37.856000
0.005112 38.584000
0.005124 37.128000
0.005136 37.856000
0.005148 37.856000
0.005160 37.856000
0.005172 37.856000
0.005184 37.128000
0.005196 37.856000
0.005208 37.856000
0.005220 37.128000
0.005232 37.128000
0.005244 37.128000
0.005256 37.128000
0.005268 36.400000
0.005280 37.128000
0.005292 36.400000
0.005304 36.400000
0.005316 36.400000
0.005328 36.400000
0.005340 36.400000
0.005352 36.400000
0.005364 36.400000
0.005376 36.400000
0.005388 36.400000
0.005400 35.672000
0.005412 36.400000
0.005424 35.672000
0.005436 36.400000
0.005448 35.672000
0.005460 36.400000
0.005472 36.400000
0.005484 35.672000
0.005496 35.672000
0.005508 36.400000
0.005520 35.672000
0.005532 35.672000
0.005544 34.944000
0.005556 36.400000
0.005568 35.672000
0.005580 35.672000
0.005592 35.672000
0.005604 34.944000
0.005616 34.944000
0.005628 34.944000
0.005640 34.216000
0.005652 34.944000
0.005664 34.216000
0.005676 34.216000
0.005688 34.944000
0.005700 34.216000
0.005712 34.216000
0.005724 34.216000
0.005736 34.216000
0.005748 34.216000
0.005760 34.216000
0.005772 33.488000
0.005784 33.488000
0.005796 34.216000
0.005808 34.216000
0.005820 33.488000
0.005832 33.488000
0.005844 33.488000
0.005856 34.216000
0.005868 33.488000
0.005880 33.488000
0.005892 33.488000
0.005904 34.216000
0.005916 33.488000
0.005928 33.488000
0.005940 33.488000
0.005952 34.216000
0.005964 34.216000
0.005976 33.488000
0.005988 34.216000
0.006000 34.216000
0.006012 33.488000
0.006024 34.944000
0.006036 33.488000
0.006048 33.488000
0.006060 34.216000
0.006072 33.488000
0.006084 34.216000
0.006096 33.488000
0.006108 34.216000
0.006120 33.488000
0.006132 34.216000
0.006144 33.488000
0.006156 33.488000
0.006168 32.760000
0.006180 33.488000
0.006192 33.488000
0.006204 33.488000
0.006216 32.760000
0.006228 33.488000
0.006240 32.760000
0.006252 33.488000
0.006264 32.760000
0.006276 33.488000
0.006288 33.488000
0.006300 32.760000
0.006312 33.488000
0.006324 32.760000
0.006336 32.032000
0.006348 32.760000
0.006360 32.032000
0.006372 32.760000
0.006384 32.760000
0.006396 32.032000
0.006408 32.032000
0.006420 32.760000
0.006432 32.032000
0.006444 32.032000
0.006456 31.304000
0.006468 32.032000
0.006480 32.032000
0.006492 31.304000
0.006504 32.032000
0.006516 32.032000
0.006528 31.304000
0.006540 31.304000
0.006552 32.032000
0.006564 31.304000
0.006576 31.304000
0.006588 32.032000
0.006600 32.032000
0.006612 31.304000
0.006624 31.304000
0.006636 31.304000
0.006648 32.032000
0.006660 31.304000
0.006672 31.304000
0.006684 31.304000
0.006696 30.576000
0.006708 31.304000
0.006720 31.304000
0.006732 30.576000
0.006744 31.304000
0.006756 30.576000
0.006768 29.848000
0.006780 30.576000
0.006792 30.576000
0.006804 30.576000
0.006816 30.576000
0.006828 30.576000
0.006840 29.848000
0.006852 30.576000
0.006864 29.848000
0.006876 29.848000
0.006888 29.848000
0.006900 29.848000
0.006912 29.848000
0.006924 29.848000
0.006936 29.848000
0.006948 29.848000
0.006960 30.576000
0.006972 29.120000
0.006984 29.848000
0.006996 30.576000
0.007008 29.120000
0.007020 29.848000
0.007032 29.848000
0.007044 29.848000
0.007056 29.848000
0.007068 29.848000
0.007080 29.848000
0.007092 29.848000
0.007104 29.120000
0.007116 29.848000
0.007128 29.848000
0.007140 29.848000
0.007152 29.120000
0.007164 29.848000
0.007176 29.848000
0.007188 29.848000
0.007200 30.576000
0.007212 29.848000
0.007224 29.848000
0.007236 30.576000
0.007248 29.120000
0.007260 29.848000
0.007272 30.576000
0.007284 29.848000
0.007296 30.576000
0.007308 29.848000
0.007320 29.848000
0.007332 29.848000
0.007344 30.576000
0.007356 29.120000
0.007368 29.848000
0.007380 30.576000
0.007392 29.848000
0.007404 29.120000
0.007416 29.848000
0.007428 29.120000
0.007440 29.848000
0.007452 29.120000
0.007464 29.120000
0.007476 29.848000
0.007488 29.120000
0.007500 29.120000
0.007512 29.120000
0.007524 29.120000
0.007536 29.848000
0.007548 29.120000
0.007560 29.120000
0.007572 29.120000
0.007584 29.120000
0.007596 29.120000
0.007608 29.120000
0.007620 28.392000
0.007632 29.120000
0.007644 29.120000
0.007656 29.120000
0.007668 28.392000
0.007680 29.120000
0.007692 28.392000
0.007704 29.120000
0.007716 28.392000
0.007728 28.392000
0.007740 28.392000
0.007752 28.392000
0.007764 28.392000
0.007776 28.392000
0.007788 28.392000
0.007800 28.392000
0.007812 28.392000
0.007824 28.392000
0.007836 29.120000
0.007848 28.392000
0.007860 28.392000
0.007872 28.392000
0.007884 28.392000
0.007896 28.392000
0.007908 29.120000
0.007920 28.392000
0.007932 28.392000
0.007944 28.392000
0.007956 29.120000
0.007968 28.392000
0.007980 28.392000
0.007992 29.120000
0.008004 28.392000
0.008016 29.120000
0.008028 27.664000
0.008040 29.120000
0.008052 28.392000
0.008064 28.392000
0.008076 28.392000
0.008088 28.392000
0.008100 28.392000
0.008112 28.392000
0.008124 28.392000
0.008136 27.664000
0.008148 28.392000
0.008160 29.120000
0.008172 27.664000
0.008184 28.392000
0.008196 28.392000
0.008208 28.392000
0.008220 28.392000
0.008232 27.664000
0.008244 27.664000
0.008256 27.664000
0.008268 27.664000
0.008280 27.664000
0.008292 27.664000
0.008304 26.936000
0.008316 27.664000
0.008328 26.936000
0.008340 26.936000
0.008352 26.936000
0.008364 26.936000
0.008376 27.664000
0.008388 27.664000
0.008400 26.936000
0.008412 27.664000
0.008424 26.936000
0.008436 27.664000
0.008448 26.936000
0.008460 27.664000
0.008472 26.936000
0.008484 26.936000
0.008496 26.936000
0.008508 26.208000
0.008520 26.208000
0.008532 26.936000
0.008544 26.208000
0.008556 26.936000
0.008568 25.480000
0.008580 26.208000
0.008592 26.208000
0.008604 25.480000
0.008616 26.208000
0.008628 26.208000
0.008640 25.480000
0.008652 25.480000
0.008664 26.208000
0.008676 25.480000
0.008688 25.480000
0.008700 25.480000
0.008712 25.480000
0.008724 25.480000
0.008736 25.480000
0.008748 25.480000
0.008760 25.480000
0.008772 25.480000
0.008784 25.480000
0.008796 25.480000
0.008808 25.480000
0.008820 25.480000
0.008832 25.480000
0.008844 25.480000
0.008856 24.752000
0.008868 25.480000
0.008880 25.480000
0.008892 24.752000
0.008904 25.480000
0.008916 24.752000
0.008928 25.480000
0.008940 25.480000
0.008952 24.752000
0.008964 24.752000
0.008976 25.480000
0.008988 25.480000
0.009000 24.752000
0.009012 24.752000
0.009024 24.752000
0.009036 24.752000
0.009048 24.752000
0.009060 24.752000
0.009072 24.752000
0.009084 24.024000
0.009096 24.752000
0.009108 24.752000
0.009120 24.752000
0.009132 24.752000
0.009144 24.024000
0.009156 24.752000
0.009168 24.752000
0.009180 24.752000
0.009192 24.024000
0.009204 24.752000
0.009216 24.752000
0.009228 24.752000
0.009240 24.752000
0.009252 24.752000
0.009264 24.752000
0.009276 24.752000
0.009288 24.752000
0.009300 24.752000
0.009312 24.752000
0.009324 24.752000
0.009336 24.752000
0.009348 24.752000
0.009360 24.752000
0.009372 25.480000
0.009384 25.480000
0.009396 24.752000
0.009408 24.752000
0.009420 25.480000
0.009432 25.480000
0.009444 24.752000
0.009456 25.480000
0.009468 25.480000
0.009480 24.752000
0.009492 25.480000
0.009504 24.752000
0.009516 25.480000
0.009528 24.752000
0.009540 25.480000
0.009552 25.480000
0.009564 25.480000
0.009576 25.480000
0.009588 24.752000
0.009600 25.480000
0.009612 25.480000
0.009624 25.480000
0.009636 24.752000
0.009648 25.480000
0.009660 24.752000
0.009672 26.208000
0.009684 25.480000
0.009696 26.208000
0.009708 25.480000
0.009720 26.208000
0.009732 25.480000
0.009744 26.208000
0.009756 25.480000
0.009768 25.480000
0.009780 26.208000
0.009792 25.480000
0.009804 25.480000
0.009816 26.208000
0.009828 25.480000
0.009840 25.480000
0.009852 25.480000
0.009864 25.480000
0.009876 25.480000
0.009888 25.480000
0.009900 24.752000
0.009912 24.752000
0.009924 25.480000
0.009936 25.480000
0.009948 25.480000
0.009960 25.480000
0.009972 24.752000
0.009984 24.752000
0.009996 25.480000
0.010008 21.112000
0.010020 13.104000
0.010032 8.736000
0.010044 11.648000
0.010056 11.648000
0.010068 10.192000
0.010080 12.376000
0.010092 10.920000
0.010104 11.648000
0.010116 11.648000
0.010128 11.648000
0.010140 10.920000
0.010152 11.648000
0.010164 11.648000
0.010176 11.648000
0.010188 10.920000
0.010200 11.648000
0.010212 11.648000
0.010224 11.648000
0.010236 11.648000
0.010248 11.648000
0.010260 11.648000
0.010272 10.920000
0.010284 11.648000
0.010296 11.648000
0.010308 11.648000
0.010320 11.648000
0.010332 11.648000
0.010344 11.648000
0.010356 11.648000
0.010368 11.648000
0.010380 12.376000
0.010392 11.648000
0.010404 12.376000
0.010416 12.376000
0.010428 13.104000
0.010440 11.648000
0.010452 13.104000
0.010464 12.376000
0.010476 12.376000
0.010488 12.376000
0.010500 13.104000
0.010512 12.376000
0.010524 12.376000
0.010536 13.104000
0.010548 12.376000
0.010560 12.376000
0.010572 13.104000
0.010584 13.104000
0.010596 12.376000
0.010608 13.104000
0.010620 12.376000
0.010632 12.376000
0.010644 13.104000
0.010656 12.376000
0.010668 12.376000
0.010680 13.104000
0.010692 12.376000
0.010704 13.104000
0.010716 13.104000
0.010728 12.376000
0.010740 13.104000
0.010752 12.376000
0.010764 13.104000
0.010776 12.376000
0.010788 13.104000
0.010800 12.376000
0.010812 13.104000
0.010824 12.376000
0.010836 13.104000
0.010848 13.104000
0.010860 13.104000
0.010872 12.376000
0.010884 13.104000
0.010896 13.104000
0.010908 12.376000
0.010920 13.104000
0.010932 12.376000
0.010944 13.104000
0.010956 13.104000
0.010968 12.376000
0.010980 13.104000
0.010992 12.376000
0.011004 13.104000
0.011016 12.376000
0.011028 13.104000
0.011040 13.104000
0.011052 13.104000
0.011064 13.104000
0.011076 13.104000
0.011088 13.104000
0.011100 13.104000
0.011112 12.376000
0.011124 13.104000
0.011136 13.104000
0.011148 13.104000
0.011160 13.104000
0.011172 13.104000
0.011184 13.104000
0.011196 13.832000
0.011208 13.104000
0.011220 13.104000
0.011232 13.104000
0.011244 13.832000
0.011256 13.104000
0.011268 13.104000
0.011280 13.104000
0.011292 13.832000
0.011304 13.104000
0.011316 13.104000
0.011328 13.104000
0.011340 13.832000
0.011352 13.104000
0.011364 13.832000
0.011376 13.104000
0.011388 13.832000
0.011400 13.832000
0.011412 13.832000
0.011424 14.560000
0.011436 13.832000
0.011448 13.832000
0.011460 13.832000
0.011472 13.832000
0.011484 13.832000
0.011496 14.560000
0.011508 13.832000
0.011520 14.560000
0.011532 14.560000
0.011544 13.832000
0.011556 14.560000
0.011568 14.560000
0.011580 13.832000
0.011592 13.832000
0.011604 14.560000
0.011616 13.832000
0.011628 13.832000
0.011640 14.560000
0.011652 13.832000
0.011664 13.832000
0.011676 14.560000
0.011688 13.832000
0.011700 14.560000
0.011712 14.560000
0.011724 13.832000
0.011736 14.560000
0.011748 14.560000
0.011760 14.560000
0.011772 14.560000
0.011784 14.560000
0.011796 13.832000
0.011808 14.560000
0.011820 14.560000
0.011832 14.560000
0.011844 14.560000
0.011856 14.560000
0.011868 14.560000
0.011880 14.560000
0.011892 15.288000
0.011904 14.560000
0.011916 14.560000
0.011928 14.560000
0.011940 15.288000
0.011952 14.560000
0.011964 14.560000
0.011976 15.288000
0.011988 15.288000
0.012000 15.288000
0.012012 14.560000
0.012024 15.288000
0.012036 15.288000
0.012048 14.560000
0.012060 15.288000
0.012072 15.288000
0.012084 14.560000
0.012096 15.288000
0.012108 15.288000
0.012120 15.288000
0.012132 14.560000
0.012144 15.288000
0.012156 15.288000
0.012168 15.288000
0.012180 14.560000
0.012192 15.288000
0.012204 15.288000
0.012216 15.288000
0.012228 14.560000
0.012240 15.288000
0.012252 15.288000
0.012264 15.288000
0.012276 14.560000
0.012288 15.288000
0.012300 14.560000
0.012312 15.288000
0.012324 14.560000
0.012336 15.288000
0.012348 14.560000
0.012360 14.560000
0.012372 15.288000
0.012384 13.832000
0.012396 14.560000
0.012408 15.288000
0.012420 14.560000
0.012432 14.560000
0.012444 14.560000
0.012456 14.560000
0.012468 14.560000
0.012480 14.560000
0.012492 14.560000
0.012504 14.560000
0.012516 14.560000
0.012528 14.560000
0.012540 13.832000
0.012552 14.560000
0.012564 14.560000
0.012576 14.560000
0.012588 14.560000
0.012600 14.560000
0.012612 14.560000
0.012624 14.560000
0.012636 14.560000
0.012648 15.288000
0.012660 14.560000
0.012672 14.560000
0.012684 14.560000
0.012696 14.560000
0.012708 15.288000
0.012720 14.560000
0.012732 14.560000
0.012744 16.016000
0.012756 15.288000
0.012768 15.288000
0.012780 15.288000
0.012792 16.016000
0.012804 15.288000
0.012816 15.288000
0.012828 15.288000
0.012840 16.016000
0.012852 16.016000
0.012864 15.288000
0.012876 15.288000
0.012888 15.288000
0.012900 15.288000
0.012912 15.288000
0.012924 15.288000
0.012936 14.560000
0.012948 15.288000
0.012960 15.288000
0.012972 14.560000
0.012984 15.288000
0.012996 15.288000
0.013008 14.560000
0.013020 15.288000
0.013032 15.288000
0.013044 15.288000
0.013056 14.560000
0.013068 15.288000
0.013080 14.560000
0.013092 15.288000
0.013104 15.288000
0.013116 15.288000
0.013128 15.288000
0.013140 14.560000
0.013152 15.288000
0.013164 15.288000
0.013176 14.560000
0.013188 15.288000
0.013200 14.560000
0.013212 15.288000
0.013224 15.288000
0.013236 14.560000
0.013248 15.288000
0.013260 15.288000
0.013272 14.560000
0.013284 15.288000
0.013296 14.560000
0.013308 15.288000
0.013320 14.560000
0.013332 15.288000
0.013344 14.560000
0.013356 15.288000
0.013368 15.288000
0.013380 15.288000
0.013392 15.288000
0.013404 15.288000
0.013416 15.288000
0.013428 15.288000
0.013440 15.288000
0.013452 15.288000
0.013464 14.560000
0.013476 16.016000
0.013488 15.288000
0.013500 15.288000
0.013512 15.288000
0.013524 15.288000
0.013536 15.288000
0.013548 14.560000
0.013560 15.288000
0.013572 15.288000
0.013584 15.288000
0.013596 15.288000
0.013608 14.560000
0.013620 15.288000
0.013632 15.288000
0.013644 14.560000
0.013656 15.288000
0.013668 14.560000
0.013680 15.288000
0.013692 15.288000
0.013704 14.560000
0.013716 15.288000
0.013728 14.560000
0.013740 15.288000
0.013752 15.288000
0.013764 14.560000
0.013776 15.288000
0.013788 14.560000
0.013800 15.288000
0.013812 14.560000
0.013824 15.288000
0.013836 15.288000
0.013848 14.560000
0.013860 15.288000
0.013872 15.288000
0.013884 14.560000
0.013896 15.288000
0.013908 15.288000
0.013920 15.288000
0.013932 14.560000
0.013944 15.288000
0.013956 14.560000
0.013968 15.288000
0.013980 14.560000
0.013992 15.288000
0.014004 14.560000
0.014016 15.288000
0.014028 14.560000
0.014040 15.288000
0.014052 14.560000
0.014064 15.288000
0.014076 15.288000
0.014088 14.560000
0.014100 15.288000
0.014112 15.288000
0.014124 15.288000
0.014136 14.560000
0.014148 14.560000
0.014160 15.288000
0.014172 14.560000
0.014184 15.288000
0.014196 15.288000
0.014208 14.560000
0.014220 15.288000
0.014232 15.288000
0.014244 14.560000
0.014256 14.560000
0.014268 14.560000
0.014280 15.288000
0.014292 14.560000
0.014304 14.560000
0.014316 14.560000
0.014328 14.560000
0.014340 15.288000
0.014352 14.560000
0.014364 15.288000
0.014376 15.288000
0.014388 15.288000
0.014400 14.560000
0.014412 15.288000
0.014424 15.288000
0.014436 14.560000
0.014448 15.288000
0.014460 14.560000
0.014472 15.288000
0.014484 14.560000
0.014496 15.288000
0.014508 15.288000
0.014520 14.560000
0.014532 15.288000
0.014544 14.560000
0.014556 15.288000
0.014568 14.560000
0.014580 15.288000
0.014592 14.560000
0.014604 15.288000
0.014616 14.560000
0.014628 15.288000
0.014640 14.560000
0.014652 14.560000
0.014664 15.288000
0.014676 14.560000
0.014688 15.288000
0.014700 14.560000
0.014712 14.560000
0.014724 15.288000
0.014736 14.560000
0.014748 15.288000
0.014760 15.288000
0.014772 15.288000
0.014784 15.288000
0.014796 15.288000
0.014808 15.288000
0.014820 14.560000
0.014832 15.288000
0.014844 15.288000
0.014856 14.560000
0.014868 15.288000
0.014880 14.560000
0.014892 15.288000
0.014904 15.288000
0.014916 14.560000
0.014928 15.288000
0.014940 15.288000
0.014952 15.288000
0.014964 14.560000
0.014976 15.288000
0.014988 14.560000
0.015000 14.560000
0.015012 14.560000
0.015024 14.560000
0.015036 15.288000
0.015048 14.560000
0.015060 14.560000
0.015072 15.288000
0.015084 14.560000
0.015096 14.560000
0.015108 14.560000
0.015120 14.560000
0.015132 14.560000
0.015144 14.560000
0.015156 15.288000
0.015168 14.560000
0.015180 14.560000
0.015192 14.560000
0.015204 14.560000
0.015216 13.832000
0.015228 14.560000
0.015240 14.560000
0.015252 14.560000
0.015264 14.560000
0.015276 14.560000
0.015288 14.560000
0.015300 14.560000
0.015312 14.560000
0.015324 14.560000
0.015336 14.560000
0.015348 14.560000
0.015360 14.560000
0.015372 13.832000
0.015384 14.560000
0.015396 14.560000
0.015408 14.560000
0.015420 14.560000
0.015432 13.832000
0.015444 14.560000
0.015456 14.560000
0.015468 13.832000
0.015480 14.560000
0.015492 14.560000
0.015504 14.560000
0.015516 13.832000
0.015528 14.560000
0.015540 14.560000
0.015552 13.832000
0.015564 14.560000
0.015576 14.560000
0.015588 13.832000
0.015600 14.560000
0.015612 13.832000
0.015624 14.560000
0.015636 13.832000
0.015648 13.832000
0.015660 14.560000
0.015672 13.832000
0.015684 13.832000
0.015696 14.560000
0.015708 14.560000
0.015720 13.832000
0.015732 14.560000
0.015744 13.832000
0.015756 14.560000
0.015768 14.560000
0.015780 13.832000
0.015792 14.560000
0.015804 14.560000
0.015816 14.560000
0.015828 15.288000
0.015840 14.560000
0.015852 14.560000
0.015864 14.560000
0.015876 15.288000
0.015888 14.560000
0.015900 14.560000
0.015912 15.288000
0.015924 14.560000
0.015936 14.560000
0.015948 14.560000
0.015960 14.560000
0.015972 14.560000
0.015984 14.560000
0.015996 14.560000
0.016008 14.560000
0.016020 14.560000
0.016032 14.560000
0.016044 13.832000
0.016056 14.560000
0.016068 14.560000
0.016080 14.560000
0.016092 14.560000
0.016104 14.560000
0.016116 13.832000
0.016128 14.560000
0.016140 14.560000
0.016152 14.560000
0.016164 14.560000
0.016176 14.560000
0.016188 14.560000
0.016200 14.560000
0.016212 14.560000
0.016224 14.560000
0.016236 14.560000
0.016248 14.560000
0.016260 13.832000
0.016272 14.560000
0.016284 13.832000
0.016296 14.560000
0.016308 14.560000
0.016320 14.560000
0.016332 14.560000
0.016344 14.560000
0.016356 14.560000
0.016368 14.560000
0.016380 14.560000
0.016392 15.288000
0.016404 14.560000
0.016416 14.560000
0.016428 14.560000
0.016440 15.288000
0.016452 14.560000
0.016464 15.288000
0.016476 14.560000
0.016488 14.560000
0.016500 15.288000
0.016512 14.560000
0.016524 14.560000
0.016536 15.288000
0.016548 14.560000
0.016560 15.288000
0.016572 14.560000
0.016584 14.560000
0.016596 14.560000
0.016608 15.288000
0.016620 14.560000
0.016632 14.560000
0.016644 14.560000
0.016656 14.560000
0.016668 14.560000
0.016680 15.288000
0.016692 14.560000
0.016704 14.560000
0.016716 15.288000
0.016728 14.560000
0.016740 15.288000
0.016752 15.288000
0.016764 15.288000
0.016776 15.288000
0.016788 14.560000
0.016800 15.288000
0.016812 15.288000
0.016824 15.288000
0.016836 15.288000
0.016848 15.288000
0.016860 15.288000
0.016872 15.288000
0.016884 15.288000
0.016896 14.560000
0.016908 15.288000
0.016920 15.288000
0.016932 15.288000
0.016944 15.288000
0.016956 15.288000
0.016968 15.288000
0.016980 15.288000
0.016992 15.288000
0.017004 15.288000
0.017016 15.288000
0.017028 14.560000
0.017040 15.288000
0.017052 15.288000
0.017064 15.288000
0.017076 16.016000
0.017088 15.288000
0.017100 16.016000
0.017112 16.016000
0.017124 15.288000
0.017136 16.016000
0.017148 16.016000
0.017160 16.016000
0.017172 16.016000
0.017184 16.016000
0.017196 16.016000
0.017208 16.016000
0.017220 16.016000
0.017232 16.016000
0.017244 16.016000
0.017256 16.016000
0.017268 16.016000
0.017280 16.744000
0.017292 15.288000
0.017304 16.016000
0.017316 16.744000
0.017328 16.016000
0.017340 16.016000
0.017352 16.744000
0.017364 16.016000
0.017376 16.016000
0.017388 16.016000
0.017400 16.744000
0.017412 16.016000
0.017424 16.744000
0.017436 16.744000
0.017448 16.016000
0.017460 16.016000
0.017472 16.016000
0.017484 16.744000
0.017496 16.016000
0.017508 16.744000
0.017520 16.744000
0.017532 16.744000
0.017544 16.016000
0.017556 16.016000
0.017568 16.744000
0.017580 16.744000
0.017592 16.744000
0.017604 16.016000
0.017616 16.744000
0.017628 16.016000
0.017640 16.016000
0.017652 16.744000
0.017664 16.016000
0.017676 16.744000
0.017688 16.744000
0.017700 16.016000
0.017712 16.744000
0.017724 16.016000
0.017736 16.744000
0.017748 16.744000
0.017760 16.016000
0.017772 16.744000
0.017784 16.744000
0.017796 16.744000
0.017808 16.016000
0.017820 16.744000
0.017832 16.016000
0.017844 16.016000
0.017856 16.744000
0.017868 16.744000
0.017880 16.744000
0.017892 16.016000
0.017904 16.744000
0.017916 16.016000
0.017928 16.744000
0.017940 16.744000
0.017952 16.744000
0.017964 16.016000
0.017976 16.744000
0.017988 16.744000
0.018000 16.744000
0.018012 16.016000
0.018024 16.744000
0.018036 17.472000
0.018048 16.744000
0.018060 16.744000
0.018072 16.744000
0.018084 16.744000
0.018096 16.744000
0.018108 16.744000
0.018120 16.744000
0.018132 17.472000
0.018144 16.744000
0.018156 17.472000
0.018168 16.744000
0.018180 17.472000
0.018192 16.744000
0.018204 17.472000
0.018216 17.472000
0.018228 17.472000
0.018240 17.472000
0.018252 17.472000
0.018264 17.472000
0.018276 17.472000
0.018288 18.200000
0.018300 17.472000
0.018312 17.472000
0.018324 17.472000
0.018336 16.744000
0.018348 17.472000
0.018360 17.472000
0.018372 17.472000
0.018384 18.200000
0.018396 17.472000
0.018408 17.472000
0.018420 18.200000
0.018432 17.472000
0.018444 17.472000
0.018456 18.200000
0.018468 17.472000
0.018480 17.472000
0.018492 18.200000
0.018504 17.472000
0.018516 18.200000
0.018528 18.200000
0.018540 17.472000
0.018552 18.200000
0.018564 17.472000
0.018576 18.200000
0.018588 17.472000
0.018600 18.200000
0.018612 17.472000
0.018624 18.200000
0.018636 18.200000
0.018648 17.472000
0.018660 18.928000
0.018672 18.200000
0.018684 18.200000
0.018696 18.928000
0.018708 18.200000
0.018720 18.200000
0.018732 18.200000
0.018744 18.200000
0.018756 18.200000
0.018768 18.928000
0.018780 18.200000
0.018792 18.200000
0.018804 18.200000
0.018816 18.200000
0.018828 18.200000
0.018840 18.200000
0.018852 18.200000
0.018864 18.200000
0.018876 17.472000
0.018888 18.200000
0.018900 18.200000
0.018912 18.200000
0.018924 18.200000
0.018936 18.928000
0.018948 18.200000
0.018960 18.200000
0.018972 18.200000
0.018984 18.200000
0.018996 18.200000
0.019008 18.200000
0.019020 18.200000
0.019032 18.200000
0.019044 18.200000
0.019056 18.200000
0.019068 18.200000
0.019080 18.200000
0.019092 18.200000
0.019104 18.200000
0.019116 18.200000
0.019128 18.200000
0.019140 18.200000
0.019152 18.200000
0.019164 17.472000
0.019176 18.928000
0.019188 17.472000
0.019200 18.200000
0.019212 18.928000
0.019224 17.472000
0.019236 18.200000
0.019248 18.200000
0.019260 18.200000
0.019272 18.928000
0.019284 18.200000
0.019296 18.200000
0.019308 18.928000
0.019320 18.200000
0.019332 18.928000
0.019344 18.200000
0.019356 18.928000
0.019368 18.928000
0.019380 19.656000
0.019392 18.928000
0.019404 18.928000
0.019416 18.928000
0.019428 19.656000
0.019440 18.928000
0.019452 18.928000
0.019464 19.656000
0.019476 18.928000
0.019488 19.656000
0.019500 18.928000
0.019512 19.656000
0.019524 19.656000
0.019536 18.928000
0.019548 19.656000
0.019560 18.928000
0.019572 19.656000
0.019584 20.384000
0.019596 19.656000
0.019608 19.656000
0.019620 20.384000
0.019632 19.656000
0.019644 20.384000
0.019656 19.656000
0.019668 20.384000
0.019680 20.384000
0.019692 20.384000
0.019704 20.384000
0.019716 20.384000
0.019728 19.656000
0.019740 20.384000
0.019752 20.384000
0.019764 20.384000
0.019776 19.656000
0.019788 20.384000
0.019800 19.656000
0.019812 20.384000
0.019824 20.384000
0.019836 19.656000
0.019848 20.384000
0.019860 19.656000
0.019872 20.384000
0.019884 19.656000
0.019896 20.384000
0.019908 20.384000
0.019920 19.656000
0.019932 20.384000
0.019944 19.656000
0.019956 19.656000
0.019968 20.384000
0.019980 20.384000
0.019992 20.384000
0.020004 20.384000
0.020016 21.112000
0.020028 20.384000
0.020040 21.112000
0.020052 20.384000
0.020064 21.112000
0.020076 21.112000
0.020088 21.112000
0.020100 21.112000
0.020112 21.112000
0.020124 21.112000
0.020136 21.112000
0.020148 21.112000
0.020160 21.840000
0.020172 21.112000
0.020184 21.840000
0.020196 21.112000
0.020208 21.840000
0.020220 21.840000
0.020232 21.840000
0.020244 21.112000
0.020256 21.840000
0.020268 21.840000
0.020280 21.840000
0.020292 21.840000
0.020304 21.840000
0.020316 21.840000
0.020328 21.112000
0.020340 21.840000
0.020352 21.840000
0.020364 21.840000
0.020376 21.840000
0.020388 21.840000
0.020400 21.840000
0.020412 21.840000
0.020424 21.840000
0.020436 21.840000
0.020448 21.840000
0.020460 21.840000
0.020472 21.840000
0.020484 22.568000
0.020496 21.840000
0.020508 21.840000
0.020520 21.840000
0.020532 21.840000
0.020544 22.568000
0.020556 21.840000
0.020568 21.840000
0.020580 22.568000
0.020592 21.840000
0.020604 22.568000
0.020616 21.112000
0.020628 21.840000
0.020640 21.840000
0.020652 21.112000
0.020664 21.112000
0.020676 21.840000
0.020688 21.840000
0.020700 21.840000
0.020712 21.840000
0.020724 21.112000
0.020736 22.568000
0.020748 21.112000
0.020760 22.568000
0.020772 21.840000
0.020784 21.840000
0.020796 22.568000
0.020808 21.840000
0.020820 22.568000
0.020832 22.568000
0.020844 21.840000
0.020856 23.296000
0.020868 21.840000
0.020880 22.568000
0.020892 22.568000
0.020904 22.568000
0.020916 23.296000
0.020928 22.568000
0.020940 22.568000
0.020952 22.568000
0.020964 22.568000
0.020976 23.296000
0.020988 22.568000
0.021000 23.296000
0.021012 23.296000
0.021024 23.296000
0.021036 23.296000
0.021048 23.296000
0.021060 24.024000
0.021072 24.024000
0.021084 23.296000
0.021096 23.296000
0.021108 23.296000
0.021120 23.296000
0.021132 23.296000
0.021144 24.024000
0.021156 24.024000
0.021168 23.296000
0.021180 24.024000
0.021192 24.024000
0.021204 24.024000
0.021216 24.024000
0.021228 24.024000
0.021240 24.024000
0.021252 23.296000
0.021264 24.024000
0.021276 24.024000
0.021288 23.296000
0.021300 24.024000
0.021312 23.296000
0.021324 24.024000
0.021336 24.024000
0.021348 23.296000
0.021360 24.024000
0.021372 23.296000
0.021384 24.024000
0.021396 24.024000
0.021408 24.024000
0.021420 24.024000
0.021432 24.024000
0.021444 24.752000
0.021456 24.024000
0.021468 24.024000
0.021480 24.024000
0.021492 24.752000
0.021504 24.752000
0.021516 24.752000
0.021528 24.024000
0.021540 25.480000
0.021552 24.752000
0.021564 24.752000
0.021576 24.752000
0.021588 24.752000
0.021600 24.752000
0.021612 24.024000
0.021624 24.752000
0.021636 24.752000
0.021648 24.024000
0.021660 24.752000
0.021672 24.024000
0.021684 24.752000
0.021696 24.752000
0.021708 24.024000
0.021720 24.752000
0.021732 24.024000
0.021744 24.752000
0.021756 24.752000
0.021768 24.752000
0.021780 24.752000
0.021792 24.752000
0.021804 25.480000
0.021816 24.752000
0.021828 24.752000
0.021840 25.480000
0.021852 24.024000
0.021864 25.480000
0.021876 24.752000
0.021888 24.752000
0.021900 24.024000
0.021912 24.752000
0.021924 24.752000
0.021936 24.752000
0.021948 24.752000
0.021960 24.752000
0.021972 24.752000
0.021984 24.024000
0.021996 25.480000
0.022008 24.024000
0.022020 24.752000
0.022032 24.752000
0.022044 24.752000
0.022056 25.480000
0.022068 24.024000
0.022080 25.480000
0.022092 24.752000
0.022104 24.752000
0.022116 24.752000
0.022128 24.752000
0.022140 24.752000
0.022152 24.752000
0.022164 24.752000
0.022176 24.752000
0.022188 24.752000
0.022200 24.752000
0.022212 24.752000
0.022224 24.752000
0.022236 24.752000
0.022248 24.752000
0.022260 24.752000
0.022272 24.752000
0.022284 24.752000
0.022296 25.480000
0.022308 24.024000
0.022320 25.480000
0.022332 24.752000
0.022344 25.480000
0.022356 24.752000
0.022368 24.752000
0.022380 25.480000
0.022392 24.752000
0.022404 24.752000
0.022416 24.752000
0.022428 25.480000
0.022440 24.752000
0.022452 25.480000
0.022464 25.480000
0.022476 24.752000
0.022488 24.752000
0.022500 25.480000
0.022512 24.752000
0.022524 25.480000
0.022536 24.752000
0.022548 24.752000
0.022560 25.480000
0.022572 24.752000
0.022584 24.752000
0.022596 25.480000
0.022608 24.752000
0.022620 24.752000
0.022632 24.752000
0.022644 24.752000
0.022656 24.752000
0.022668 24.752000
0.022680 24.752000
0.022692 24.752000
0.022704 24.752000
0.022716 24.752000
0.022728 25.480000
0.022740 24.752000
0.022752 24.752000
0.022764 24.752000
0.022776 24.752000
0.022788 24.752000
0.022800 24.752000
0.022812 24.752000
0.022824 24.752000
0.022836 24.024000
0.022848 24.752000
0.022860 24.752000
0.022872 24.752000
0.022884 24.752000
0.022896 24.752000
0.022908 24.752000
0.022920 24.752000
0.022932 24.752000
0.022944 24.752000
0.022956 24.752000
0.022968 24.024000
0.022980 24.024000
0.022992 24.752000
0.023004 24.024000
0.023016 24.752000
0.023028 24.024000
0.023040 23.296000
0.023052 24.024000
0.023064 23.296000
0.023076 24.024000
0.023088 24.024000
0.023100 24.024000
0.023112 24.024000
0.023124 24.024000
0.023136 24.024000
0.023148 24.024000
0.023160 24.024000
0.023172 24.752000
0.023184 24.024000
0.023196 24.024000
0.023208 24.024000
0.023220 24.024000
0.023232 24.024000
0.023244 24.024000
0.023256 24.024000
0.023268 24.024000
0.023280 24.024000
0.023292 24.752000
0.023304 24.024000
0.023316 24.752000
0.023328 24.752000
0.023340 24.024000
0.023352 24.752000
0.023364 24.752000
0.023376 24.752000
0.023388 24.752000
0.023400 24.024000
0.023412 24.752000
0.023424 24.024000
0.023436 24.752000
0.023448 24.024000
0.023460 24.752000
0.023472 24.024000
0.023484 24.024000
0.023496 24.752000
0.023508 24.024000
0.023520 24.024000
0.023532 24.024000
0.023544 24.024000
0.023556 24.024000
0.023568 24.024000
0.023580 24.024000
0.023592 24.752000
0.023604 23.296000
0.023616 24.024000
0.023628 24.024000
0.023640 24.024000
0.023652 24.752000
0.023664 24.024000
0.023676 24.024000
0.023688 24.024000
0.023700 24.024000
0.023712 24.024000
0.023724 24.024000
0.023736 24.752000
0.023748 24.024000
0.023760 24.752000
0.023772 23.296000
0.023784 24.752000
0.023796 23.296000
0.023808 23.296000
0.023820 23.296000
0.023832 23.296000
0.023844 24.024000
0.023856 23.296000
0.023868 23.296000
0.023880 23.296000
0.023892 23.296000
0.023904 23.296000
0.023916 23.296000
0.023928 24.024000
0.023940 22.568000
0.023952 23.296000
0.023964 23.296000
0.023976 22.568000
0.023988 23.296000
0.024000 23.296000
0.024012 22.568000
0.024024 22.568000
0.024036 22.568000
0.024048 23.296000
0.024060 21.840000
0.024072 23.296000
0.024084 22.568000
0.024096 22.568000
0.024108 23.296000
0.024120 22.568000
0.024132 22.568000
0.024144 22.568000
0.024156 22.568000
0.024168 22.568000
0.024180 22.568000
0.024192 22.568000
0.024204 22.568000
0.024216 21.840000
0.024228 22.568000
0.024240 23.296000
0.024252 21.840000
0.024264 23.296000
0.024276 22.568000
0.024288 22.568000
0.024300 22.568000
0.024312 22.568000
0.024324 21.840000
0.024336 23.296000
0.024348 21.840000
0.024360 22.568000
0.024372 21.840000
0.024384 21.840000
0.024396 21.840000
0.024408 21.840000
0.024420 21.840000
0.024432 21.840000
0.024444 21.840000
0.024456 21.840000
0.024468 22.568000
0.024480 21.112000
0.024492 21.840000
0.024504 21.840000
0.024516 21.840000
0.024528 21.840000
0.024540 21.840000
0.024552 21.840000
0.024564 21.112000
0.024576 21.840000
0.024588 21.840000
0.024600 21.840000
0.024612 21.840000
0.024624 21.840000
0.024636 22.568000
0.024648 21.840000
0.024660 21.840000
0.024672 21.840000
0.024684 22.568000
0.024696 21.840000
0.024708 22.568000
0.024720 21.840000
0.024732 22.568000
0.024744 22.568000
0.024756 22.568000
0.024768 22.568000
0.024780 21.840000
0.024792 22.568000
0.024804 22.568000
0.024816 22.568000
0.024828 21.840000
0.024840 21.840000
0.024852 22.568000
0.024864 22.568000
0.024876 21.840000
0.024888 22.568000
0.024900 21.840000
0.024912 22.568000
0.024924 22.568000
0.024936 22.568000
0.024948 22.568000
0.024960 22.568000
0.024972 21.840000
0.024984 22.568000
0.024996 21.840000
0.025008 21.840000
0.025020 22.568000
0.025032 21.840000
0.025044 21.840000
0.025056 21.840000
0.025068 21.840000
0.025080 21.840000
0.025092 21.840000
0.025104 22.568000
0.025116 22.568000
0.025128 21.840000
0.025140 22.568000
0.025152 21.112000
0.025164 22.568000
0.025176 21.840000
0.025188 21.840000
0.025200 21.840000
0.025212 21.840000
0.025224 21.840000
0.025236 21.840000
0.025248 21.840000
0.025260 21.840000
0.025272 21.840000
0.025284 22.568000
0.025296 21.112000
0.025308 21.840000
0.025320 21.840000
0.025332 21.840000
0.025344 21.112000
0.025356 21.840000
0.025368 21.112000
0.025380 21.840000
0.025392 21.840000
0.025404 21.112000
0.025416 21.840000
0.025428 21.112000
0.025440 21.840000
0.025452 21.112000
0.025464 21.112000
0.025476 20.384000
0.025488 21.840000
0.025500 21.112000
0.025512 21.112000
0.025524 21.112000
0.025536 21.112000
0.025548 21.112000
0.025560 21.112000
0.025572 21.112000
0.025584 21.112000
0.025596 20.384000
0.025608 20.384000
0.025620 20.384000
0.025632 21.112000
0.025644 21.112000
0.025656 20.384000
0.025668 20.384000
0.025680 21.112000
0.025692 20.384000
0.025704 21.112000
0.025716 20.384000
0.025728 20.384000
0.025740 20.384000
0.025752 21.112000
0.025764 21.112000
0.025776 20.384000
0.025788 20.384000
0.025800 21.112000
0.025812 20.384000
0.025824 21.112000
0.025836 20.384000
0.025848 21.112000
0.025860 20.384000
0.025872 20.384000
0.025884 21.112000
0.025896 20.384000
0.025908 21.112000
0.025920 20.384000
0.025932 21.112000
0.025944 21.112000
0.025956 21.112000
0.025968 20.384000
0.025980 21.112000
0.025992 21.112000
0.026004 21.112000
0.026016 21.112000
0.026028 21.112000
0.026040 21.112000
0.026052 20.384000
0.026064 21.840000
0.026076 20.384000
0.026088 21.112000
0.026100 21.112000
0.026112 21.112000
0.026124 21.112000
0.026136 21.112000
0.026148 21.112000
0.026160 21.112000
0.026172 21.112000
0.026184 21.112000
0.026196 21.840000
0.026208 21.112000
0.026220 21.112000
0.026232 21.112000
0.026244 21.840000
0.026256 21.112000
0.026268 21.840000
0.026280 21.112000
0.026292 21.112000
0.026304 21.840000
0.026316 21.840000
0.026328 21.112000
0.026340 21.840000
0.026352 21.112000
0.026364 21.840000
0.026376 21.112000
0.026388 21.840000
0.026400 21.840000
0.026412 21.112000
0.026424 21.112000
0.026436 21.112000
0.026448 21.840000
0.026460 21.112000
0.026472 21.112000
0.026484 21.840000
0.026496 21.112000
0.026508 21.840000
0.026520 21.112000
0.026532 21.112000
0.026544 21.112000
0.026556 21.840000
0.026568 21.112000
0.026580 21.112000
0.026592 21.840000
0.026604 21.840000
0.026616 21.112000
0.026628 21.840000
0.026640 21.840000
0.026652 21.112000
0.026664 21.112000
0.026676 21.840000
0.026688 20.384000
0.026700 21.840000
0.026712 21.112000
0.026724 21.840000
0.026736 21.112000
0.026748 21.840000
0.026760 21.112000
0.026772 21.112000
0.026784 21.112000
0.026796 21.840000
0.026808 21.112000
0.026820 21.112000
0.026832 21.112000
0.026844 21.112000
0.026856 21.112000
0.026868 21.112000
0.026880 21.112000
0.026892 21.112000
0.026904 21.112000
0.026916 21.112000
0.026928 21.112000
0.026940 21.112000
0.026952 21.112000
0.026964 21.112000
0.026976 21.840000
0.026988 21.112000
0.027000 20.384000
0.027012 21.840000
0.027024 20.384000
0.027036 21.112000
0.027048 21.112000
0.027060 21.112000
0.027072 21.112000
0.027084 20.384000
0.027096 21.112000
0.027108 21.112000
0.027120 21.112000
0.027132 21.112000
0.027144 20.384000
0.027156 21.112000
0.027168 21.112000
0.027180 21.112000
0.027192 21.112000
0.027204 20.384000
0.027216 21.112000
0.027228 20.384000
0.027240 20.384000
0.027252 21.112000
0.027264 20.384000
0.027276 19.656000
0.027288 21.112000
0.027300 20.384000
0.027312 20.384000
0.027324 21.112000
0.027336 20.384000
0.027348 20.384000
0.027360 20.384000
0.027372 21.112000
0.027384 20.384000
0.027396 21.112000
0.027408 20.384000
0.027420 21.112000
0.027432 21.112000
0.027444 21.112000
0.027456 21.112000
0.027468 21.112000
0.027480 21.112000
0.027492 21.112000
0.027504 21.840000
0.027516 21.112000
0.027528 21.112000
0.027540 21.840000
0.027552 21.112000
0.027564 21.112000
0.027576 21.112000
0.027588 21.112000
0.027600 21.112000
0.027612 21.112000
0.027624 21.840000
0.027636 21.112000
0.027648 21.112000
0.027660 21.112000
0.027672 21.112000
0.027684 21.112000
0.027696 21.112000
0.027708 21.112000
0.027720 21.840000
0.027732 20.384000
0.027744 21.112000
0.027756 21.112000
0.027768 21.112000
0.027780 21.112000
0.027792 21.840000
0.027804 20.384000
0.027816 21.112000
0.027828 21.112000
0.027840 21.112000
0.027852 21.112000
0.027864 20.384000
0.027876 21.840000
0.027888 21.840000
0.027900 21.112000
0.027912 21.112000
0.027924 21.840000
0.027936 21.112000
0.027948 21.112000
0.027960 21.112000
0.027972 21.112000
0.027984 21.112000
0.027996 21.112000
0.028008 21.112000
0.028020 21.112000
0.028032 21.840000
0.028044 20.384000
0.028056 21.840000
0.028068 21.112000
0.028080 21.112000
0.028092 21.840000
0.028104 21.112000
0.028116 21.840000
0.028128 21.112000
0.028140 21.112000
0.028152 22.568000
0.028164 21.840000
0.028176 21.840000
0.028188 22.568000
0.028200 21.112000
0.028212 21.840000
0.028224 21.840000
0.028236 21.840000
0.028248 21.840000
0.028260 22.568000
0.028272 21.840000
0.028284 22.568000
0.028296 21.840000
0.028308 22.568000
0.028320 21.840000
0.028332 22.568000
0.028344 21.840000
0.028356 22.568000
0.028368 22.568000
0.028380 21.840000
0.028392 22.568000
0.028404 22.568000
0.028416 22.568000
0.028428 22.568000
0.028440 22.568000
0.028452 22.568000
0.028464 21.840000
0.028476 23.296000
0.028488 22.568000
0.028500 23.296000
0.028512 22.568000
0.028524 22.568000
0.028536 22.568000
0.028548 23.296000
0.028560 23.296000
0.028572 22.568000
0.028584 22.568000
0.028596 23.296000
0.028608 21.840000
0.028620 23.296000
0.028632 22.568000
0.028644 22.568000
0.028656 22.568000
0.028668 22.568000
0.028680 21.840000
0.028692 22.568000
0.028704 22.568000
0.028716 22.568000
0.028728 22.568000
0.028740 22.568000
0.028752 21.840000
0.028764 23.296000
0.028776 21.840000
0.028788 22.568000
0.028800 22.568000
0.028812 22.568000
0.028824 21.840000
0.028836 22.568000
0.028848 22.568000
0.028860 22.568000
0.028872 21.840000
0.028884 23.296000
0.028896 21.840000
0.028908 22.568000
0.028920 22.568000
0.028932 22.568000
0.028944 22.568000
0.028956 22.568000
0.028968 21.840000
0.028980 22.568000
0.028992 22.568000
0.029004 22.568000
0.029016 22.568000
0.029028 21.840000
0.029040 23.296000
0.029052 22.568000
0.029064 22.568000
0.029076 22.568000
0.029088 22.568000
0.029100 22.568000
0.029112 22.568000
0.029124 22.568000
0.029136 22.568000
0.029148 22.568000
0.029160 21.840000
0.029172 22.568000
0.029184 21.840000
0.029196 22.568000
0.029208 21.840000
0.029220 22.568000
0.029232 22.568000
0.029244 22.568000
0.029256 21.840000
0.029268 22.568000
0.029280 22.568000
0.029292 21.840000
0.029304 22.568000
0.029316 22.568000
0.029328 22.568000
0.029340 22.568000
0.029352 22.568000
0.029364 22.568000
0.029376 22.568000
0.029388 22.568000
0.029400 22.568000
0.029412 22.568000
0.029424 21.840000
0.029436 22.568000
0.029448 21.840000
0.029460 22.568000
0.029472 22.568000
0.029484 21.840000
0.029496 22.568000
0.029508 22.568000
0.029520 21.840000
0.029532 22.568000
0.029544 22.568000
0.029556 21.840000
0.029568 22.568000
0.029580 22.568000
0.029592 22.568000
0.029604 22.568000
0.029616 22.568000
0.029628 22.568000
0.029640 22.568000
0.029652 22.568000
0.029664 22.568000
0.029676 21.840000
0.029688 23.296000
0.029700 22.568000
0.029712 22.568000
0.029724 22.568000
0.029736 22.568000
0.029748 21.840000
0.029760 22.568000
0.029772 22.568000
0.029784 22.568000
0.029796 22.568000
0.029808 22.568000
0.029820 22.568000
0.029832 22.568000
0.029844 22.568000
0.029856 23.296000
0.029868 21.840000
0.029880 22.568000
0.029892 21.840000
0.029904 21.840000
0.029916 22.568000
0.029928 22.568000
0.029940 22.568000
0.029952 22.568000
0.029964 22.568000
0.029976 22.568000
0.029988 22.568000
0.030000 22.568000
0.030012 22.568000
0.030024 22.568000
0.030036 22.568000
0.030048 22.568000
0.030060 21.840000
0.030072 22.568000
0.030084 21.840000
0.030096 21.840000
0.030108 21.840000
0.030120 21.840000
0.030132 21.840000
0.030144 22.568000
0.030156 21.840000
0.030168 22.568000
0.030180 21.840000
0.030192 22.568000
0.030204 21.840000
0.030216 22.568000
0.030228 21.840000
0.030240 21.840000
0.030252 21.840000
0.030264 21.840000
0.030276 22.568000
0.030288 21.840000
0.030300 22.568000
0.030312 21.840000
0.030324 22.568000
0.030336 21.840000
0.030348 21.840000
0.030360 22.568000
0.030372 22.568000
0.030384 21.840000
0.030396 22.568000
0.030408 21.840000
0.030420 22.568000
0.030432 21.840000
0.030444 22.568000
0.030456 21.840000
0.030468 21.840000
0.030480 21.840000
0.030492 21.840000
0.030504 21.840000
0.030516 21.840000
0.030528 21.840000
0.030540 21.840000
0.030552 21.840000
0.030564 21.840000
0.030576 21.840000
0.030588 21.112000
0.030600 21.112000
0.030612 21.840000
0.030624 21.112000
0.030636 21.112000
0.030648 21.840000
0.030660 21.112000
0.030672 21.112000
0.030684 21.112000
0.030696 21.840000
0.030708 21.112000
0.030720 21.112000
0.030732 21.112000
0.030744 21.112000
0.030756 21.112000
0.030768 21.112000
0.030780 21.112000
0.030792 21.112000
0.030804 20.384000
0.030816 21.112000
0.030828 21.112000
0.030840 20.384000
0.030852 21.112000
0.030864 21.112000
0.030876 21.112000
0.030888 21.840000
0.030900 21.112000
0.030912 21.840000
0.030924 21.840000
0.030936 21.840000
0.030948 21.112000
0.030960 21.840000
0.030972 21.840000
0.030984 21.840000
0.030996 21.840000
0.031008 21.840000
0.031020 22.568000
0.031032 21.840000
0.031044 22.568000
0.031056 22.568000
0.031068 22.568000
0.031080 21.840000
0.031092 22.568000
0.031104 23.296000
0.031116 21.840000
0.031128 23.296000
0.031140 21.840000
0.031152 22.568000
0.031164 21.840000
0.031176 22.568000
0.031188 21.840000
0.031200 22.568000
0.031212 22.568000
0.031224 21.840000
0.031236 22.568000
0.031248 21.840000
0.031260 22.568000
0.031272 21.840000
0.031284 21.840000
0.031296 22.568000
0.031308 21.840000
0.031320 22.568000
0.031332 21.840000
0.031344 21.840000
0.031356 22.568000
0.031368 21.840000
0.031380 21.840000
0.031392 21.840000
0.031404 21.840000
0.031416 21.840000
0.031428 21.840000
0.031440 21.840000
0.031452 22.568000
0.031464 21.840000
0.031476 21.112000
0.031488 21.840000
0.031500 21.840000
0.031512 22.568000
0.031524 21.112000
0.031536 21.840000
0.031548 21.840000
0.031560 21.840000
0.031572 21.840000
0.031584 21.112000
0.031596 22.568000
0.031608 21.840000
0.031620 21.840000
0.031632 21.840000
0.031644 21.840000
0.031656 21.840000
0.031668 21.840000
0.031680 21.840000
0.031692 21.840000
0.031704 21.840000
0.031716 21.840000
0.031728 21.840000
0.031740 21.840000
0.031752 21.840000
0.031764 21.840000
0.031776 21.840000
0.031788 21.840000
0.031800 21.840000
0.031812 21.840000
0.031824 22.568000
0.031836 21.840000
0.031848 22.568000
0.031860 21.840000
0.031872 22.568000
0.031884 22.568000
0.031896 22.568000
0.031908 22.568000
0.031920 22.568000
0.031932 22.568000
0.031944 22.568000
0.031956 23.296000
0.031968 22.568000
0.031980 22.568000
0.031992 23.296000
0.032004 23.296000
0.032016 22.568000
0.032028 22.568000
0.032040 23.296000
0.032052 22.568000
0.032064 23.296000
0.032076 22.568000
0.032088 22.568000
0.032100 22.568000
0.032112 22.568000
0.032124 22.568000
0.032136 23.296000
0.032148 22.568000
0.032160 22.568000
0.032172 22.568000
0.032184 21.840000
0.032196 22.568000
0.032208 22.568000
0.032220 21.840000
0.032232 22.568000
0.032244 22.568000
0.032256 21.112000
0.032268 22.568000
0.032280 21.112000
0.032292 21.840000
0.032304 21.112000
0.032316 21.112000
0.032328 21.840000
0.032340 21.112000
0.032352 21.840000
0.032364 21.112000
0.032376 21.112000
0.032388 21.112000
0.032400 21.112000
0.032412 21.112000
0.032424 21.112000
0.032436 21.840000
0.032448 21.112000
0.032460 21.840000
0.032472 21.112000
0.032484 21.840000
0.032496 21.112000
0.032508 21.112000
0.032520 21.840000
0.032532 21.112000
0.032544 21.840000
0.032556 21.112000
0.032568 21.112000
0.032580 21.112000
0.032592 21.112000
0.032604 21.112000
0.032616 21.840000
0.032628 21.112000
0.032640 21.112000
0.032652 21.112000
0.032664 21.112000
0.032676 21.112000
0.032688 21.112000
0.032700 21.112000
0.032712 21.112000
0.032724 21.112000
0.032736 21.112000
0.032748 20.384000
0.032760 20.384000
0.032772 21.112000
0.032784 20.384000
0.032796 21.112000
0.032808 20.384000
0.032820 21.112000
0.032832 20.384000
0.032844 20.384000
0.032856 20.384000
0.032868 20.384000
0.032880 20.384000
0.032892 19.656000
0.032904 20.384000
0.032916 19.656000
0.032928 19.656000
0.032940 19.656000
0.032952 19.656000
0.032964 19.656000
0.032976 20.384000
0.032988 19.656000
0.033000 19.656000
0.033012 19.656000
0.033024 19.656000
0.033036 19.656000
0.033048 19.656000
0.033060 18.928000
0.033072 19.656000
0.033084 19.656000
0.033096 19.656000
0.033108 19.656000
0.033120 19.656000
0.033132 18.928000
0.033144 19.656000
0.033156 18.928000
0.033168 19.656000
0.033180 18.928000
0.033192 18.928000
0.033204 19.656000
0.033216 18.928000
0.033228 18.928000
0.033240 18.928000
0.033252 19.656000
0.033264 18.928000
0.033276 18.928000
0.033288 19.656000
0.033300 18.928000
0.033312 18.928000
0.033324 18.928000
0.033336 18.928000
0.033348 19.656000
0.033360 18.928000
0.033372 19.656000
0.033384 19.656000
0.033396 18.928000
0.033408 19.656000
0.033420 19.656000
0.033432 18.928000
0.033444 19.656000
0.033456 18.928000
0.033468 19.656000
0.033480 18.928000
0.033492 18.928000
0.033504 19.656000
0.033516 18.928000
0.033528 19.656000
0.033540 18.928000
0.033552 18.928000
0.033564 18.928000
0.033576 18.928000
0.033588 18.928000
0.033600 19.656000
0.033612 18.928000
0.033624 18.928000
0.033636 19.656000
0.033648 18.928000
0.033660 18.928000
0.033672 18.928000
0.033684 18.928000
0.033696 18.928000
0.033708 18.200000
0.033720 18.928000
0.033732 18.200000
0.033744 18.928000
0.033756 18.928000
0.033768 18.928000
0.033780 18.200000
0.033792 18.928000
0.033804 18.928000
0.033816 18.928000
0.033828 18.928000
0.033840 18.928000
0.033852 18.200000
0.033864 18.928000
0.033876 18.928000
0.033888 18.928000
0.033900 18.200000
0.033912 18.928000
0.033924 18.928000
0.033936 18.200000
0.033948 18.928000
0.033960 18.200000
0.033972 18.928000
0.033984 18.200000
0.033996 18.928000
0.034008 18.200000
0.034020 18.928000
0.034032 18.928000
0.034044 18.928000
0.034056 18.200000
0.034068 18.928000
0.034080 18.928000
0.034092 18.928000
0.034104 18.928000
0.034116 18.928000
0.034128 18.200000
0.034140 19.656000
0.034152 18.200000
0.034164 19.656000
0.034176 18.928000
0.034188 18.928000
0.034200 18.928000
0.034212 18.928000
0.034224 18.928000
0.034236 18.928000
0.034248 19.656000
0.034260 19.656000
0.034272 19.656000
0.034284 18.928000
0.034296 19.656000
0.034308 19.656000
0.034320 19.656000
0.034332 19.656000
0.034344 19.656000
0.034356 19.656000
0.034368 18.928000
0.034380 19.656000
0.034392 19.656000
0.034404 19.656000
0.034416 18.928000
0.034428 19.656000
0.034440 19.656000
0.034452 19.656000
0.034464 18.928000
0.034476 18.928000
0.034488 19.656000
0.034500 18.928000
0.034512 18.928000
0.034524 19.656000
0.034536 19.656000
0.034548 18.928000
0.034560 19.656000
0.034572 18.928000
0.034584 19.656000
0.034596 18.928000
0.034608 19.656000
0.034620 18.928000
0.034632 19.656000
0.034644 18.928000
0.034656 19.656000
0.034668 19.656000
0.034680 18.928000
0.034692 19.656000
0.034704 18.928000
0.034716 18.928000
0.034728 19.656000
0.034740 18.928000
0.034752 19.656000
0.034764 19.656000
0.034776 18.928000
0.034788 19.656000
0.034800 18.928000
0.034812 19.656000
0.034824 18.928000
0.034836 19.656000
0.034848 19.656000
0.034860 18.928000
0.034872 19.656000
0.034884 19.656000
0.034896 18.928000
0.034908 19.656000
0.034920 18.928000
0.034932 19.656000
0.034944 19.656000
0.034956 19.656000
0.034968 19.656000
0.034980 19.656000
0.034992 18.928000
0.035004 19.656000
0.035016 19.656000
0.035028 18.928000
0.035040 19.656000
0.035052 19.656000
0.035064 19.656000
0.035076 18.928000
0.035088 19.656000
0.035100 18.928000
0.035112 18.928000
0.035124 19.656000
0.035136 18.928000
0.035148 18.928000
0.035160 18.928000
0.035172 18.928000
0.035184 18.928000
0.035196 18.200000
0.035208 18.928000
0.035220 18.928000
0.035232 18.928000
0.035244 18.928000
0.035256 18.200000
0.035268 18.928000
0.035280 18.200000
0.035292 18.928000
0.035304 18.928000
0.035316 18.200000
0.035328 18.928000
0.035340 18.928000
0.035352 18.928000
0.035364 18.200000
0.035376 18.928000
0.035388 18.928000
0.035400 18.200000
0.035412 18.928000
0.035424 18.928000
0.035436 18.200000
0.035448 18.928000
0.035460 18.928000
0.035472 18.200000
0.035484 18.928000
0.035496 18.200000
0.035508 18.928000
0.035520 18.200000
0.035532 18.200000
0.035544 18.928000
0.035556 18.928000
0.035568 18.200000
0.035580 18.928000
0.035592 18.200000
0.035604 18.928000
0.035616 18.200000
0.035628 18.928000
0.035640 18.200000
0.035652 18.928000
0.035664 18.200000
0.035676 18.200000
0.035688 18.928000
0.035700 18.200000
0.035712 18.928000
0.035724 18.200000
0.035736 18.928000
0.035748 18.200000
0.035760 18.200000
0.035772 18.200000
0.035784 18.928000
0.035796 18.200000
0.035808 18.200000
0.035820 18.200000
0.035832 18.200000
0.035844 18.928000
0.035856 18.200000
0.035868 18.200000
0.035880 18.928000
0.035892 18.200000
0.035904 18.928000
0.035916 18.200000
0.035928 18.928000
0.035940 18.200000
0.035952 18.200000
0.035964 18.200000
0.035976 18.928000
0.035988 18.200000
0.036000 18.928000
0.036012 18.200000
0.036024 18.200000
0.036036 18.200000
0.036048 18.928000
0.036060 18.200000
0.036072 18.200000
0.036084 18.928000
0.036096 18.200000
0.036108 18.928000
0.036120 18.200000
0.036132 18.928000
0.036144 18.200000
0.036156 18.928000
0.036168 18.200000
0.036180 18.200000
0.036192 18.200000
0.036204 18.200000
0.036216 18.928000
0.036228 18.200000
0.036240 18.928000
0.036252 18.200000
0.036264 18.928000
0.036276 18.200000
0.036288 18.928000
0.036300 18.200000
0.036312 18.928000
0.036324 18.200000
0.036336 18.928000
0.036348 18.928000
0.036360 18.928000
0.036372 18.928000
0.036384 18.928000
0.036396 19.656000
0.036408 18.200000
0.036420 19.656000
0.036432 18.928000
0.036444 19.656000
0.036456 18.200000
0.036468 19.656000
0.036480 18.928000
0.036492 18.928000
0.036504 18.928000
0.036516 18.928000
0.036528 19.656000
0.036540 18.200000
0.036552 19.656000
0.036564 18.928000
0.036576 19.656000
0.036588 18.928000
0.036600 19.656000
0.036612 18.928000
0.036624 19.656000
0.036636 18.928000
0.036648 19.656000
0.036660 18.928000
0.036672 19.656000
0.036684 18.928000
0.036696 18.928000
0.036708 18.928000
0.036720 18.928000
0.036732 19.656000
0.036744 18.928000
0.036756 18.928000
0.036768 19.656000
0.036780 18.928000
0.036792 19.656000
0.036804 18.928000
0.036816 18.928000
0.036828 18.928000
0.036840 18.928000
0.036852 18.928000
0.036864 19.656000
0.036876 18.928000
0.036888 19.656000
0.036900 18.928000
0.036912 19.656000
0.036924 18.928000
0.036936 19.656000
0.036948 18.928000
0.036960 18.928000
0.036972 19.656000
0.036984 18.928000
0.036996 19.656000
0.037008 19.656000
0.037020 18.928000
0.037032 19.656000
0.037044 18.928000
0.037056 19.656000
0.037068 18.928000
0.037080 19.656000
0.037092 18.928000
0.037104 18.928000
0.037116 19.656000
0.037128 18.928000
0.037140 18.928000
0.037152 18.928000
0.037164 18.928000
0.037176 18.928000
0.037188 18.928000
0.037200 18.928000
0.037212 18.928000
0.037224 18.928000
0.037236 19.656000
0.037248 18.928000
0.037260 18.928000
0.037272 19.656000
0.037284 18.928000
0.037296 19.656000
0.037308 18.928000
0.037320 18.928000
0.037332 19.656000
0.037344 19.656000
0.037356 19.656000
0.037368 18.928000
0.037380 19.656000
0.037392 19.656000
0.037404 20.384000
0.037416 19.656000
0.037428 19.656000
0.037440 19.656000
0.037452 19.656000
0.037464 19.656000
0.037476 19.656000
0.037488 20.384000
0.037500 19.656000
0.037512 18.928000
0.037524 20.384000
0.037536 19.656000
0.037548 20.384000
0.037560 19.656000
0.037572 18.928000
0.037584 20.384000
0.037596 19.656000
0.037608 19.656000
0.037620 19.656000
0.037632 19.656000
0.037644 20.384000
0.037656 19.656000
0.037668 20.384000
0.037680 19.656000
0.037692 20.384000
0.037704 19.656000
0.037716 19.656000
0.037728 20.384000
0.037740 20.384000
0.037752 19.656000
0.037764 20.384000
0.037776 19.656000
0.037788 20.384000
0.037800 19.656000
0.037812 20.384000
0.037824 19.656000
0.037836 20.384000
0.037848 19.656000
0.037860 19.656000
0.037872 19.656000
0.037884 19.656000
0.037896 19.656000
0.037908 18.928000
0.037920 20.384000
0.037932 18.928000
0.037944 19.656000
0.037956 20.384000
0.037968 19.656000
0.037980 19.656000
0.037992 19.656000
0.038004 19.656000
0.038016 19.656000
0.038028 19.656000
0.038040 19.656000
0.038052 18.928000
0.038064 19.656000
0.038076 18.928000
0.038088 19.656000
0.038100 18.928000
0.038112 19.656000
0.038124 18.928000
0.038136 19.656000
0.038148 18.928000
0.038160 18.928000
0.038172 19.656000
0.038184 19.656000
0.038196 18.928000
0.038208 18.928000
0.038220 19.656000
0.038232 18.928000
0.038244 19.656000
0.038256 19.656000
0.038268 18.928000
0.038280 19.656000
0.038292 18.928000
0.038304 19.656000
0.038316 18.928000
0.038328 19.656000
0.038340 18.928000
0.038352 18.928000
0.038364 19.656000
0.038376 18.928000
0.038388 18.928000
0.038400 19.656000
0.038412 18.928000
0.038424 18.928000
0.038436 18.928000
0.038448 18.928000
0.038460 18.928000
0.038472 18.928000
0.038484 18.928000
0.038496 18.928000
0.038508 18.928000
0.038520 18.200000
0.038532 18.928000
0.038544 18.928000
0.038556 18.200000
0.038568 18.928000
0.038580 18.200000
0.038592 18.200000
0.038604 18.200000
0.038616 18.200000
0.038628 18.928000
0.038640 18.200000
0.038652 18.200000
0.038664 17.472000
0.038676 18.200000
0.038688 18.200000
0.038700 18.200000
0.038712 18.200000
0.038724 17.472000
0.038736 18.200000
0.038748 18.200000
0.038760 18.200000
0.038772 17.472000
0.038784 18.200000
0.038796 18.200000
0.038808 17.472000
0.038820 18.200000
0.038832 17.472000
0.038844 18.200000
0.038856 17.472000
0.038868 17.472000
0.038880 18.200000
0.038892 16.744000
0.038904 17.472000
0.038916 18.200000
0.038928 17.472000
0.038940 17.472000
0.038952 17.472000
0.038964 18.200000
0.038976 17.472000
0.038988 17.472000
0.039000 17.472000
0.039012 18.200000
0.039024 18.200000
0.039036 17.472000
0.039048 17.472000
0.039060 18.200000
0.039072 17.472000
0.039084 17.472000
0.039096 18.200000
0.039108 17.472000
0.039120 17.472000
0.039132 18.200000
0.039144 17.472000
0.039156 17.472000
0.039168 18.200000
0.039180 17.472000
0.039192 17.472000
0.039204 18.200000
0.039216 17.472000
0.039228 18.200000
0.039240 17.472000
0.039252 18.200000
0.039264 17.472000
0.039276 17.472000
0.039288 17.472000
0.039300 17.472000
0.039312 18.200000
0.039324 17.472000
0.039336 17.472000
0.039348 17.472000
0.039360 17.472000
0.039372 17.472000
0.039384 17.472000
0.039396 18.200000
0.039408 17.472000
0.039420 18.200000
0.039432 17.472000
0.039444 17.472000
0.039456 17.472000
0.039468 17.472000
0.039480 17.472000
0.039492 17.472000
0.039504 17.472000
0.039516 16.744000
0.039528 17.472000
0.039540 17.472000
0.039552 16.744000
0.039564 17.472000
0.039576 17.472000
0.039588 17.472000
0.039600 17.472000
0.039612 17.472000
0.039624 17.472000
0.039636 18.200000
0.039648 16.744000
0.039660 17.472000
0.039672 17.472000
0.039684 17.472000
0.039696 16.744000
0.039708 17.472000
0.039720 16.744000
0.039732 17.472000
0.039744 17.472000
0.039756 17.472000
0.039768 17.472000
0.039780 17.472000
0.039792 16.744000
0.039804 17.472000
0.039816 16.744000
0.039828 16.744000
0.039840 17.472000
0.039852 16.744000
0.039864 16.744000
0.039876 17.472000
0.039888 16.744000
0.039900 17.472000
0.039912 17.472000
0.039924 17.472000
0.039936 17.472000
0.039948 17.472000
0.039960 16.744000
0.039972 17.472000
0.039984 17.472000
0.039996 17.472000
0.040008 16.744000
0.040020 16.744000
0.040032 17.472000
0.040044 17.472000
0.040056 16.744000
0.040068 17.472000
0.040080 16.744000
0.040092 16.744000
0.040104 17.472000
0.040116 16.744000
0.040128 17.472000
0.040140 16.744000
0.040152 16.744000
0.040164 17.472000
0.040176 16.744000
0.040188 16.744000
0.040200 16.744000
0.040212 17.472000
0.040224 16.744000
0.040236 16.744000
0.040248 16.744000
0.040260 16.744000
0.040272 16.744000
0.040284 16.744000
0.040296 17.472000
0.040308 16.744000
0.040320 17.472000
0.040332 17.472000
0.040344 16.744000
0.040356 16.744000
0.040368 17.472000
0.040380 16.744000
0.040392 17.472000
0.040404 17.472000
0.040416 17.472000
0.040428 16.744000
0.040440 18.200000
0.040452 16.744000
0.040464 17.472000
0.040476 18.200000
0.040488 17.472000
0.040500 17.472000
0.040512 17.472000
0.040524 17.472000
0.040536 17.472000
0.040548 17.472000
0.040560 18.200000
0.040572 17.472000
0.040584 18.200000
0.040596 17.472000
0.040608 17.472000
0.040620 18.200000
0.040632 18.200000
0.040644 18.200000
0.040656 17.472000
0.040668 18.200000
0.040680 18.200000
0.040692 18.200000
0.040704 17.472000
0.040716 18.200000
0.040728 18.200000
0.040740 17.472000
0.040752 17.472000
0.040764 18.200000
0.040776 17.472000
0.040788 18.200000
0.040800 17.472000
0.040812 17.472000
0.040824 17.472000
0.040836 17.472000
0.040848 17.472000
0.040860 17.472000
0.040872 17.472000
0.040884 17.472000
0.040896 17.472000
0.040908 17.472000
0.040920 17.472000
0.040932 16.744000
0.040944 17.472000
0.040956 17.472000
0.040968 17.472000
0.040980 17.472000
0.040992 16.744000
0.041004 17.472000
0.041016 17.472000
0.041028 17.472000
0.041040 16.744000
0.041052 17.472000
0.041064 17.472000
0.041076 17.472000
0.041088 16.744000
0.041100 17.472000
0.041112 17.472000
0.041124 16.744000
0.041136 17.472000
0.041148 17.472000
0.041160 16.744000
0.041172 17.472000
0.041184 17.472000
0.041196 16.744000
0.041208 16.744000
0.041220 17.472000
0.041232 16.744000
0.041244 17.472000
0.041256 16.744000
0.041268 17.472000
0.041280 17.472000
0.041292 17.472000
0.041304 16.744000
0.041316 17.472000
0.041328 17.472000
0.041340 18.200000
0.041352 17.472000
0.041364 18.200000
0.041376 17.472000
0.041388 17.472000
0.041400 17.472000
0.041412 17.472000
0.041424 18.200000
0.041436 17.472000
0.041448 17.472000
0.041460 17.472000
0.041472 17.472000
0.041484 17.472000
0.041496 17.472000
0.041508 17.472000
0.041520 17.472000
0.041532 17.472000
0.041544 16.744000
0.041556 17.472000
0.041568 17.472000
0.041580 17.472000
0.041592 17.472000
0.041604 17.472000
0.041616 16.744000
0.041628 17.472000
0.041640 17.472000
0.041652 17.472000
0.041664 16.744000
0.041676 16.744000
0.041688 17.472000
0.041700 16.744000
0.041712 16.744000
0.041724 16.744000
0.041736 16.744000
0.041748 16.744000
0.041760 16.744000
0.041772 16.016000
0.041784 16.744000
0.041796 16.744000
0.041808 16.744000
0.041820 16.016000
0.041832 16.744000
0.041844 16.744000
0.041856 16.016000
0.041868 16.744000
0.041880 16.744000
0.041892 16.016000
0.041904 16.744000
0.041916 16.016000
0.041928 16.744000
0.041940 16.016000
0.041952 16.016000
0.041964 16.744000
0.041976 16.016000
0.041988 16.016000
0.042000 16.744000
0.042012 16.016000
0.042024 16.016000
0.042036 16.744000
0.042048 16.744000
0.042060 16.016000
0.042072 16.744000
0.042084 16.016000
0.042096 16.744000
0.042108 16.016000
0.042120 16.744000
0.042132 16.016000
0.042144 16.744000
0.042156 16.016000
0.042168 16.744000
0.042180 16.744000
0.042192 16.744000
0.042204 16.744000
0.042216 16.744000
0.042228 16.744000
0.042240 16.744000
0.042252 17.472000
0.042264 16.744000
0.042276 16.016000
0.042288 17.472000
0.042300 16.744000
0.042312 16.744000
0.042324 16.744000
0.042336 16.744000
0.042348 16.016000
0.042360 16.744000
0.042372 16.744000
0.042384 16.744000
0.042396 16.016000
0.042408 16.744000
0.042420 16.744000
0.042432 16.744000
0.042444 16.744000
0.042456 16.016000
0.042468 16.744000
0.042480 16.744000
0.042492 16.016000
0.042504 16.744000
0.042516 16.016000
0.042528 16.016000
0.042540 16.744000
0.042552 16.016000
0.042564 16.016000
0.042576 16.744000
0.042588 16.016000
0.042600 16.016000
0.042612 16.744000
0.042624 16.016000
0.042636 16.016000
0.042648 16.016000
0.042660 16.744000
0.042672 16.016000
0.042684 16.016000
0.042696 16.016000
0.042708 16.016000
0.042720 16.016000
0.042732 16.016000
0.042744 15.288000
0.042756 16.016000
0.042768 16.016000
0.042780 15.288000
0.042792 16.016000
0.042804 15.288000
0.042816 16.016000
0.042828 16.016000
0.042840 15.288000
0.042852 16.016000
0.042864 15.288000
0.042876 16.016000
0.042888 15.288000
0.042900 16.016000
0.042912 15.288000
0.042924 16.016000
0.042936 16.016000
0.042948 15.288000
0.042960 16.016000
0.042972 16.016000
0.042984 16.016000
0.042996 15.288000
0.043008 16.016000
0.043020 15.288000
0.043032 16.016000
0.043044 16.016000
0.043056 15.288000
0.043068 16.016000
0.043080 16.016000
0.043092 16.016000
0.043104 15.288000
0.043116 16.016000
0.043128 16.016000
0.043140 15.288000
0.043152 15.288000
0.043164 16.016000
0.043176 15.288000
0.043188 16.016000
0.043200 16.016000
0.043212 16.016000
0.043224 15.288000
0.043236 16.016000
0.043248 15.288000
0.043260 15.288000
0.043272 16.016000
0.043284 15.288000
0.043296 15.288000
0.043308 15.288000
0.043320 15.288000
0.043332 15.288000
0.043344 14.560000
0.043356 15.288000
0.043368 15.288000
0.043380 15.288000
0.043392 14.560000
0.043404 15.288000
0.043416 15.288000
0.043428 15.288000
0.043440 14.560000
0.043452 15.288000
0.043464 15.288000
0.043476 15.288000
0.043488 14.560000
0.043500 15.288000
0.043512 15.288000
0.043524 15.288000
0.043536 14.560000
0.043548 15.288000
0.043560 15.288000
0.043572 15.288000
0.043584 15.288000
0.043596 15.288000
0.043608 14.560000
0.043620 15.288000
0.043632 15.288000
0.043644 15.288000
0.043656 15.288000
0.043668 15.288000
0.043680 16.016000
0.043692 15.288000
0.043704 16.016000
0.043716 15.288000
0.043728 15.288000
0.043740 15.288000
0.043752 16.016000
0.043764 14.560000
0.043776 16.016000
0.043788 15.288000
0.043800 15.288000
0.043812 14.560000
0.043824 15.288000
0.043836 16.016000
0.043848 15.288000
0.043860 15.288000
0.043872 15.288000
0.043884 15.288000
0.043896 15.288000
0.043908 16.016000
0.043920 15.288000
0.043932 15.288000
0.043944 15.288000
0.043956 15.288000
0.043968 15.288000
0.043980 15.288000
0.043992 16.016000
0.044004 14.560000
0.044016 15.288000
0.044028 15.288000
0.044040 15.288000
0.044052 15.288000
0.044064 15.288000
0.044076 15.288000
0.044088 15.288000
0.044100 15.288000
0.044112 14.560000
0.044124 15.288000
0.044136 14.560000
0.044148 15.288000
0.044160 14.560000
0.044172 15.288000
0.044184 15.288000
0.044196 15.288000
0.044208 14.560000
0.044220 15.288000
0.044232 15.288000
0.044244 15.288000
0.044256 15.288000
0.044268 14.560000
0.044280 15.288000
0.044292 14.560000
0.044304 15.288000
0.044316 15.288000
0.044328 15.288000
0.044340 16.016000
0.044352 15.288000
0.044364 15.288000
0.044376 15.288000
0.044388 15.288000
0.044400 16.016000
0.044412 15.288000
0.044424 15.288000
0.044436 16.016000
0.044448 15.288000
0.044460 15.288000
0.044472 15.288000
0.044484 15.288000
0.044496 15.288000
0.044508 15.288000
0.044520 15.288000
0.044532 15.288000
0.044544 14.560000
0.044556 16.016000
0.044568 14.560000
0.044580 16.016000
0.044592 15.288000
0.044604 15.288000
0.044616 15.288000
0.044628 15.288000
0.044640 15.288000
0.044652 15.288000
0.044664 15.288000
0.044676 15.288000
0.044688 15.288000
0.044700 15.288000
0.044712 15.288000
0.044724 15.288000
0.044736 14.560000
0.044748 15.288000
0.044760 15.288000
0.044772 15.288000
0.044784 15.288000
0.044796 14.560000
0.044808 15.288000
0.044820 15.288000
0.044832 14.560000
0.044844 15.288000
0.044856 14.560000
0.044868 15.288000
0.044880 14.560000
