#Time(s)	Thru(Gbps)
0.000012 0.000000
0.000024 0.000000
0.000036 0.000000
0.000048 0.000000
0.000060 0.000000
0.000072 0.000000
0.000084 0.000000
0.000096 0.000000
0.000108 0.000000
0.000120 0.000000
0.000132 0.000000
0.000144 0.000000
0.000156 0.000000
0.000168 0.000000
0.000180 0.000000
0.000192 0.000000
0.000204 0.000000
0.000216 0.000000
0.000228 0.000000
0.000240 0.000000
0.000252 0.000000
0.000264 0.000000
0.000276 0.000000
0.000288 0.000000
0.000300 0.000000
0.000312 0.000000
0.000324 0.000000
0.000336 0.000000
0.000348 0.000000
0.000360 0.000000
0.000372 0.000000
0.000384 0.000000
0.000396 0.000000
0.000408 0.000000
0.000420 0.000000
0.000432 0.000000
0.000444 0.000000
0.000456 0.000000
0.000468 0.000000
0.000480 0.000000
0.000492 0.000000
0.000504 0.000000
0.000516 0.000000
0.000528 0.000000
0.000540 0.000000
0.000552 0.000000
0.000564 0.000000
0.000576 0.000000
0.000588 0.000000
0.000600 0.000000
0.000612 0.000000
0.000624 0.000000
0.000636 0.000000
0.000648 0.000000
0.000660 0.000000
0.000672 0.000000
0.000684 0.000000
0.000696 0.000000
0.000708 0.000000
0.000720 0.000000
0.000732 0.000000
0.000744 0.000000
0.000756 0.000000
0.000768 0.000000
0.000780 0.000000
0.000792 0.000000
0.000804 0.000000
0.000816 0.000000
0.000828 0.000000
0.000840 0.000000
0.000852 0.000000
0.000864 0.000000
0.000876 0.000000
0.000888 0.000000
0.000900 0.000000
0.000912 0.000000
0.000924 0.000000
0.000936 0.000000
0.000948 0.000000
0.000960 0.000000
0.000972 0.000000
0.000984 0.000000
0.000996 0.000000
0.001008 0.000000
0.001020 0.000000
0.001032 0.000000
0.001044 0.000000
0.001056 0.000000
0.001068 0.000000
0.001080 0.000000
0.001092 0.000000
0.001104 0.000000
0.001116 0.000000
0.001128 0.000000
0.001140 0.000000
0.001152 0.000000
0.001164 0.000000
0.001176 0.000000
0.001188 0.000000
0.001200 0.000000
0.001212 0.000000
0.001224 0.000000
0.001236 0.000000
0.001248 0.000000
0.001260 0.000000
0.001272 0.000000
0.001284 0.000000
0.001296 0.000000
0.001308 0.000000
0.001320 0.000000
0.001332 0.000000
0.001344 0.000000
0.001356 0.000000
0.001368 0.000000
0.001380 0.000000
0.001392 0.000000
0.001404 0.000000
0.001416 0.000000
0.001428 0.000000
0.001440 0.000000
0.001452 0.000000
0.001464 0.000000
0.001476 0.000000
0.001488 0.000000
0.001500 0.000000
0.001512 0.000000
0.001524 0.000000
0.001536 0.000000
0.001548 0.000000
0.001560 0.000000
0.001572 0.000000
0.001584 0.000000
0.001596 0.000000
0.001608 0.000000
0.001620 0.000000
0.001632 0.000000
0.001644 0.000000
0.001656 0.000000
0.001668 0.000000
0.001680 0.000000
0.001692 0.000000
0.001704 0.000000
0.001716 0.000000
0.001728 0.000000
0.001740 0.000000
0.001752 0.000000
0.001764 0.000000
0.001776 0.000000
0.001788 0.000000
0.001800 0.000000
0.001812 0.000000
0.001824 0.000000
0.001836 0.000000
0.001848 0.000000
0.001860 0.000000
0.001872 0.000000
0.001884 0.000000
0.001896 0.000000
0.001908 0.000000
0.001920 0.000000
0.001932 0.000000
0.001944 0.000000
0.001956 0.000000
0.001968 0.000000
0.001980 0.000000
0.001992 0.000000
0.002004 3.640000
0.002016 51.688000
0.002028 42.952000
0.002040 43.680000
0.002052 50.232000
0.002064 42.224000
0.002076 47.320000
0.002088 46.592000
0.002100 46.592000
0.002112 46.592000
0.002124 46.592000
0.002136 46.592000
0.002148 46.592000
0.002160 46.592000
0.002172 46.592000
0.002184 46.592000
0.002196 46.592000
0.002208 46.592000
0.002220 46.592000
0.002232 47.320000
0.002244 45.864000
0.002256 47.320000
0.002268 46.592000
0.002280 46.592000
0.002292 46.592000
0.002304 46.592000
0.002316 46.592000
0.002328 46.592000
0.002340 46.592000
0.002352 46.592000
0.002364 46.592000
0.002376 46.592000
0.002388 46.592000
0.002400 46.592000
0.002412 46.592000
0.002424 46.592000
0.002436 46.592000
0.002448 46.592000
0.002460 46.592000
0.002472 47.320000
0.002484 45.864000
0.002496 47.320000
0.002508 46.592000
0.002520 46.592000
0.002532 46.592000
0.002544 45.864000
0.002556 47.320000
0.002568 45.864000
0.002580 47.320000
0.002592 46.592000
0.002604 46.592000
0.002616 46.592000
0.002628 46.592000
0.002640 46.592000
0.002652 47.320000
0.002664 45.864000
0.002676 46.592000
0.002688 46.592000
0.002700 47.320000
0.002712 45.864000
0.002724 47.320000
0.002736 46.592000
0.002748 45.864000
0.002760 46.592000
0.002772 46.592000
0.002784 46.592000
0.002796 46.592000
0.002808 46.592000
0.002820 47.320000
0.002832 45.864000
0.002844 47.320000
0.002856 45.864000
0.002868 47.320000
0.002880 45.864000
0.002892 47.320000
0.002904 46.592000
0.002916 46.592000
0.002928 46.592000
0.002940 46.592000
0.002952 46.592000
0.002964 46.592000
0.002976 46.592000
0.002988 46.592000
0.003000 46.592000
0.003012 29.848000
0.003024 25.480000
0.003036 17.472000
0.003048 26.936000
0.003060 24.024000
0.003072 26.208000
0.003084 26.936000
0.003096 24.752000
0.003108 26.936000
0.003120 26.208000
0.003132 26.208000
0.003144 26.208000
0.003156 26.208000
0.003168 26.936000
0.003180 26.936000
0.003192 26.936000
0.003204 26.208000
0.003216 26.936000
0.003228 26.208000
0.003240 27.664000
0.003252 26.936000
0.003264 26.936000
0.003276 26.936000
0.003288 27.664000
0.003300 26.936000
0.003312 27.664000
0.003324 27.664000
0.003336 26.936000
0.003348 27.664000
0.003360 28.392000
0.003372 27.664000
0.003384 27.664000
0.003396 28.392000
0.003408 28.392000
0.003420 28.392000
0.003432 28.392000
0.003444 28.392000
0.003456 28.392000
0.003468 28.392000
0.003480 28.392000
0.003492 28.392000
0.003504 28.392000
0.003516 29.120000
0.003528 29.120000
0.003540 28.392000
0.003552 29.120000
0.003564 29.120000
0.003576 28.392000
0.003588 29.120000
0.003600 28.392000
0.003612 29.120000
0.003624 29.120000
0.003636 29.120000
0.003648 29.120000
0.003660 29.120000
0.003672 29.120000
0.003684 29.120000
0.003696 29.848000
0.003708 29.120000
0.003720 29.848000
0.003732 29.848000
0.003744 29.120000
0.003756 29.848000
0.003768 29.848000
0.003780 29.848000
0.003792 29.848000
0.003804 29.848000
0.003816 29.120000
0.003828 30.576000
0.003840 29.848000
0.003852 29.848000
0.003864 29.848000
0.003876 29.848000
0.003888 29.848000
0.003900 29.848000
0.003912 29.848000
0.003924 29.848000
0.003936 30.576000
0.003948 29.848000
0.003960 30.576000
0.003972 29.848000
0.003984 29.848000
0.003996 29.848000
0.004008 24.752000
0.004020 16.016000
0.004032 10.192000
0.004044 13.832000
0.004056 13.104000
0.004068 12.376000
0.004080 13.832000
0.004092 13.104000
0.004104 13.104000
0.004116 14.560000
0.004128 13.832000
0.004140 13.832000
0.004152 13.832000
0.004164 13.832000
0.004176 13.832000
0.004188 13.832000
0.004200 13.832000
0.004212 14.560000
0.004224 13.832000
0.004236 14.560000
0.004248 14.560000
0.004260 14.560000
0.004272 14.560000
0.004284 14.560000
0.004296 14.560000
0.004308 15.288000
0.004320 14.560000
0.004332 15.288000
0.004344 14.560000
0.004356 15.288000
0.004368 14.560000
0.004380 15.288000
0.004392 15.288000
0.004404 14.560000
0.004416 15.288000
0.004428 15.288000
0.004440 14.560000
0.004452 15.288000
0.004464 15.288000
0.004476 14.560000
0.004488 15.288000
0.004500 14.560000
0.004512 15.288000
0.004524 15.288000
0.004536 15.288000
0.004548 15.288000
0.004560 15.288000
0.004572 15.288000
0.004584 15.288000
0.004596 15.288000
0.004608 15.288000
0.004620 15.288000
0.004632 16.016000
0.004644 15.288000
0.004656 15.288000
0.004668 16.016000
0.004680 15.288000
0.004692 16.016000
0.004704 15.288000
0.004716 16.016000
0.004728 16.016000
0.004740 15.288000
0.004752 16.016000
0.004764 16.016000
0.004776 16.016000
0.004788 15.288000
0.004800 16.016000
0.004812 16.016000
0.004824 15.288000
0.004836 15.288000
0.004848 16.016000
0.004860 16.016000
0.004872 15.288000
0.004884 16.016000
0.004896 16.016000
0.004908 16.016000
0.004920 15.288000
0.004932 16.016000
0.004944 16.016000
0.004956 16.016000
0.004968 15.288000
0.004980 16.016000
0.004992 16.016000
0.005004 16.016000
0.005016 16.016000
0.005028 15.288000
0.005040 16.016000
0.005052 16.016000
0.005064 15.288000
0.005076 16.016000
0.005088 16.016000
0.005100 15.288000
0.005112 16.016000
0.005124 16.016000
0.005136 15.288000
0.005148 16.016000
0.005160 16.016000
0.005172 15.288000
0.005184 16.016000
0.005196 16.016000
0.005208 15.288000
0.005220 15.288000
0.005232 15.288000
0.005244 15.288000
0.005256 16.016000
0.005268 15.288000
0.005280 15.288000
0.005292 15.288000
0.005304 15.288000
0.005316 16.016000
0.005328 15.288000
0.005340 15.288000
0.005352 16.016000
0.005364 15.288000
0.005376 15.288000
0.005388 15.288000
0.005400 15.288000
0.005412 15.288000
0.005424 16.016000
0.005436 15.288000
0.005448 15.288000
0.005460 15.288000
0.005472 15.288000
0.005484 16.016000
0.005496 15.288000
0.005508 15.288000
0.005520 15.288000
0.005532 16.016000
0.005544 15.288000
0.005556 15.288000
0.005568 16.016000
0.005580 14.560000
0.005592 16.016000
0.005604 15.288000
0.005616 15.288000
0.005628 15.288000
0.005640 15.288000
0.005652 16.016000
0.005664 15.288000
0.005676 16.016000
0.005688 15.288000
0.005700 15.288000
0.005712 15.288000
0.005724 16.016000
0.005736 15.288000
0.005748 15.288000
0.005760 16.016000
0.005772 15.288000
0.005784 15.288000
0.005796 16.016000
0.005808 15.288000
0.005820 16.016000
0.005832 15.288000
0.005844 16.016000
0.005856 15.288000
0.005868 15.288000
0.005880 16.016000
0.005892 15.288000
0.005904 15.288000
0.005916 15.288000
0.005928 15.288000
0.005940 16.016000
0.005952 15.288000
0.005964 15.288000
0.005976 15.288000
0.005988 15.288000
0.006000 15.288000
0.006012 14.560000
0.006024 15.288000
0.006036 15.288000
0.006048 15.288000
0.006060 14.560000
0.006072 15.288000
0.006084 15.288000
0.006096 14.560000
0.006108 14.560000
0.006120 15.288000
0.006132 14.560000
0.006144 15.288000
0.006156 15.288000
0.006168 14.560000
0.006180 16.016000
0.006192 14.560000
0.006204 15.288000
0.006216 15.288000
0.006228 15.288000
0.006240 15.288000
0.006252 15.288000
0.006264 15.288000
0.006276 15.288000
0.006288 15.288000
0.006300 15.288000
0.006312 15.288000
0.006324 15.288000
0.006336 16.016000
0.006348 15.288000
0.006360 16.016000
0.006372 15.288000
0.006384 16.016000
0.006396 15.288000
0.006408 16.016000
0.006420 15.288000
0.006432 16.016000
0.006444 15.288000
0.006456 16.016000
0.006468 15.288000
0.006480 16.016000
0.006492 16.016000
0.006504 16.016000
0.006516 16.016000
0.006528 15.288000
0.006540 16.016000
0.006552 16.016000
0.006564 16.016000
0.006576 16.016000
0.006588 15.288000
0.006600 16.016000
0.006612 16.016000
0.006624 16.016000
0.006636 16.016000
0.006648 15.288000
0.006660 16.016000
0.006672 16.016000
0.006684 16.016000
0.006696 16.016000
0.006708 16.016000
0.006720 16.016000
0.006732 16.016000
0.006744 16.016000
0.006756 16.016000
0.006768 16.016000
0.006780 16.744000
0.006792 16.016000
0.006804 16.016000
0.006816 16.744000
0.006828 16.016000
0.006840 16.744000
0.006852 16.016000
0.006864 16.744000
0.006876 16.016000
0.006888 16.744000
0.006900 16.744000
0.006912 16.016000
0.006924 16.744000
0.006936 16.016000
0.006948 16.744000
0.006960 16.016000
0.006972 16.744000
0.006984 16.016000
0.006996 16.744000
0.007008 16.016000
0.007020 16.744000
0.007032 16.744000
0.007044 16.016000
0.007056 16.744000
0.007068 16.744000
0.007080 16.744000
0.007092 16.744000
0.007104 17.472000
0.007116 16.744000
0.007128 16.744000
0.007140 16.744000
0.007152 17.472000
0.007164 16.744000
0.007176 17.472000
0.007188 16.744000
0.007200 16.744000
0.007212 17.472000
0.007224 16.744000
0.007236 17.472000
0.007248 17.472000
0.007260 17.472000
0.007272 17.472000
0.007284 16.744000
0.007296 17.472000
0.007308 17.472000
0.007320 17.472000
0.007332 17.472000
0.007344 17.472000
0.007356 17.472000
0.007368 17.472000
0.007380 17.472000
0.007392 17.472000
0.007404 17.472000
0.007416 17.472000
0.007428 17.472000
0.007440 18.200000
0.007452 17.472000
0.007464 18.200000
0.007476 17.472000
0.007488 18.200000
0.007500 18.200000
0.007512 18.200000
0.007524 18.200000
0.007536 17.472000
0.007548 18.200000
0.007560 18.200000
0.007572 18.200000
0.007584 18.200000
0.007596 18.200000
0.007608 18.200000
0.007620 18.200000
0.007632 17.472000
0.007644 18.200000
0.007656 18.200000
0.007668 18.928000
0.007680 18.200000
0.007692 18.200000
0.007704 18.200000
0.007716 18.928000
0.007728 17.472000
0.007740 18.928000
0.007752 18.200000
0.007764 18.200000
0.007776 18.200000
0.007788 18.928000
0.007800 18.200000
0.007812 18.928000
0.007824 18.928000
0.007836 18.200000
0.007848 18.928000
0.007860 18.928000
0.007872 18.200000
0.007884 18.928000
0.007896 18.928000
0.007908 18.200000
0.007920 18.928000
0.007932 18.200000
0.007944 18.928000
0.007956 18.200000
0.007968 18.928000
0.007980 18.928000
0.007992 18.200000
0.008004 18.928000
0.008016 18.200000
0.008028 18.928000
0.008040 18.200000
0.008052 18.928000
0.008064 18.928000
0.008076 18.928000
0.008088 18.200000
0.008100 18.928000
0.008112 18.928000
0.008124 18.928000
0.008136 18.928000
0.008148 18.928000
0.008160 18.200000
0.008172 18.928000
0.008184 18.928000
0.008196 18.928000
0.008208 18.928000
0.008220 18.200000
0.008232 18.928000
0.008244 18.928000
0.008256 18.200000
0.008268 18.928000
0.008280 18.928000
0.008292 18.200000
0.008304 18.928000
0.008316 18.928000
0.008328 18.200000
0.008340 18.200000
0.008352 18.928000
0.008364 18.928000
0.008376 18.200000
0.008388 18.928000
0.008400 18.200000
0.008412 18.928000
0.008424 18.928000
0.008436 18.928000
0.008448 18.928000
0.008460 18.200000
0.008472 18.928000
0.008484 18.928000
0.008496 19.656000
0.008508 18.928000
0.008520 19.656000
0.008532 18.928000
0.008544 19.656000
0.008556 18.928000
0.008568 19.656000
0.008580 18.928000
0.008592 18.928000
0.008604 19.656000
0.008616 18.928000
0.008628 19.656000
0.008640 18.928000
0.008652 19.656000
0.008664 19.656000
0.008676 18.928000
0.008688 19.656000
0.008700 18.928000
0.008712 19.656000
0.008724 18.928000
0.008736 19.656000
0.008748 18.928000
0.008760 19.656000
0.008772 19.656000
0.008784 19.656000
0.008796 18.928000
0.008808 19.656000
0.008820 19.656000
0.008832 19.656000
0.008844 19.656000
0.008856 19.656000
0.008868 19.656000
0.008880 19.656000
0.008892 20.384000
0.008904 19.656000
0.008916 20.384000
0.008928 19.656000
0.008940 19.656000
0.008952 20.384000
0.008964 20.384000
0.008976 19.656000
0.008988 20.384000
0.009000 20.384000
0.009012 20.384000
0.009024 21.112000
0.009036 20.384000
0.009048 21.112000
0.009060 20.384000
0.009072 21.112000
0.009084 21.112000
0.009096 21.112000
0.009108 21.840000
0.009120 21.112000
0.009132 21.112000
0.009144 21.112000
0.009156 21.840000
0.009168 21.112000
0.009180 21.112000
0.009192 21.840000
0.009204 21.112000
0.009216 21.112000
0.009228 21.112000
0.009240 21.112000
0.009252 21.112000
0.009264 21.112000
0.009276 20.384000
0.009288 20.384000
0.009300 21.112000
0.009312 21.112000
0.009324 20.384000
0.009336 21.112000
0.009348 20.384000
0.009360 21.112000
0.009372 21.112000
0.009384 20.384000
0.009396 20.384000
0.009408 21.112000
0.009420 21.112000
0.009432 20.384000
0.009444 21.112000
0.009456 20.384000
0.009468 20.384000
0.009480 20.384000
0.009492 20.384000
0.009504 21.112000
0.009516 20.384000
0.009528 20.384000
0.009540 20.384000
0.009552 20.384000
0.009564 20.384000
0.009576 20.384000
0.009588 20.384000
0.009600 20.384000
0.009612 20.384000
0.009624 20.384000
0.009636 20.384000
0.009648 21.112000
0.009660 20.384000
0.009672 20.384000
0.009684 21.112000
0.009696 20.384000
0.009708 20.384000
0.009720 20.384000
0.009732 21.112000
0.009744 20.384000
0.009756 21.112000
0.009768 20.384000
0.009780 20.384000
0.009792 21.112000
0.009804 20.384000
0.009816 21.112000
0.009828 20.384000
0.009840 21.112000
0.009852 21.112000
0.009864 21.112000
0.009876 20.384000
0.009888 21.112000
0.009900 21.112000
0.009912 21.112000
0.009924 21.112000
0.009936 20.384000
0.009948 21.112000
0.009960 21.112000
0.009972 21.112000
0.009984 21.112000
0.009996 20.384000
0.010008 17.472000
0.010020 10.192000
0.010032 9.464000
0.010044 13.104000
0.010056 13.104000
0.010068 11.648000
0.010080 13.832000
0.010092 12.376000
0.010104 13.104000
0.010116 13.104000
0.010128 12.376000
0.010140 12.376000
0.010152 13.104000
0.010164 12.376000
0.010176 13.104000
0.010188 12.376000
0.010200 13.104000
0.010212 12.376000
0.010224 13.104000
0.010236 13.104000
0.010248 12.376000
0.010260 13.104000
0.010272 13.104000
0.010284 12.376000
0.010296 13.104000
0.010308 13.104000
0.010320 13.104000
0.010332 13.104000
0.010344 13.104000
0.010356 13.104000
0.010368 13.104000
0.010380 13.104000
0.010392 13.104000
0.010404 13.104000
0.010416 13.104000
0.010428 13.832000
0.010440 13.104000
0.010452 13.832000
0.010464 13.104000
0.010476 13.832000
0.010488 13.104000
0.010500 13.104000
0.010512 13.832000
0.010524 13.104000
0.010536 13.832000
0.010548 13.104000
0.010560 13.832000
0.010572 13.104000
0.010584 13.832000
0.010596 13.104000
0.010608 13.104000
0.010620 13.832000
0.010632 13.832000
0.010644 13.104000
0.010656 13.832000
0.010668 13.832000
0.010680 13.832000
0.010692 13.832000
0.010704 13.832000
0.010716 13.832000
0.010728 13.832000
0.010740 13.832000
0.010752 14.560000
0.010764 13.832000
0.010776 13.832000
0.010788 13.832000
0.010800 13.832000
0.010812 13.832000
0.010824 13.832000
0.010836 13.832000
0.010848 13.832000
0.010860 13.832000
0.010872 13.832000
0.010884 13.104000
0.010896 13.832000
0.010908 13.832000
0.010920 13.832000
0.010932 13.832000
0.010944 13.832000
0.010956 13.832000
0.010968 13.832000
0.010980 13.832000
0.010992 13.832000
0.011004 14.560000
0.011016 13.832000
0.011028 13.832000
0.011040 13.832000
0.011052 13.832000
0.011064 13.832000
0.011076 13.832000
0.011088 13.832000
0.011100 13.832000
0.011112 13.832000
0.011124 13.832000
0.011136 13.832000
0.011148 13.832000
0.011160 13.832000
0.011172 13.832000
0.011184 13.832000
0.011196 13.832000
0.011208 14.560000
0.011220 13.832000
0.011232 13.832000
0.011244 13.104000
0.011256 13.832000
0.011268 13.832000
0.011280 13.832000
0.011292 13.832000
0.011304 13.832000
0.011316 13.832000
0.011328 13.832000
0.011340 13.832000
0.011352 13.832000
0.011364 13.832000
0.011376 13.832000
0.011388 13.832000
0.011400 13.832000
0.011412 13.832000
0.011424 13.832000
0.011436 13.832000
0.011448 14.560000
0.011460 13.832000
0.011472 13.832000
0.011484 14.560000
0.011496 13.832000
0.011508 14.560000
0.011520 13.832000
0.011532 14.560000
0.011544 14.560000
0.011556 14.560000
0.011568 14.560000
0.011580 14.560000
0.011592 14.560000
0.011604 14.560000
0.011616 13.832000
0.011628 14.560000
0.011640 14.560000
0.011652 14.560000
0.011664 14.560000
0.011676 14.560000
0.011688 14.560000
0.011700 14.560000
0.011712 14.560000
0.011724 15.288000
0.011736 14.560000
0.011748 14.560000
0.011760 14.560000
0.011772 14.560000
0.011784 15.288000
0.011796 14.560000
0.011808 15.288000
0.011820 14.560000
0.011832 15.288000
0.011844 15.288000
0.011856 14.560000
0.011868 15.288000
0.011880 14.560000
0.011892 15.288000
0.011904 14.560000
0.011916 15.288000
0.011928 14.560000
0.011940 14.560000
0.011952 15.288000
0.011964 14.560000
0.011976 14.560000
0.011988 15.288000
0.012000 14.560000
0.012012 15.288000
0.012024 14.560000
0.012036 15.288000
0.012048 14.560000
0.012060 14.560000
0.012072 14.560000
0.012084 14.560000
0.012096 14.560000
0.012108 14.560000
0.012120 14.560000
0.012132 15.288000
0.012144 14.560000
0.012156 14.560000
0.012168 14.560000
0.012180 14.560000
0.012192 14.560000
0.012204 14.560000
0.012216 15.288000
0.012228 14.560000
0.012240 14.560000
0.012252 14.560000
0.012264 14.560000
0.012276 14.560000
0.012288 14.560000
0.012300 14.560000
0.012312 15.288000
0.012324 14.560000
0.012336 14.560000
0.012348 15.288000
0.012360 14.560000
0.012372 15.288000
0.012384 15.288000
0.012396 15.288000
0.012408 14.560000
0.012420 15.288000
0.012432 14.560000
0.012444 15.288000
0.012456 15.288000
0.012468 14.560000
0.012480 15.288000
0.012492 14.560000
0.012504 15.288000
0.012516 14.560000
0.012528 14.560000
0.012540 15.288000
0.012552 14.560000
0.012564 15.288000
0.012576 15.288000
0.012588 15.288000
0.012600 15.288000
0.012612 15.288000
0.012624 15.288000
0.012636 15.288000
0.012648 15.288000
0.012660 15.288000
0.012672 15.288000
0.012684 15.288000
0.012696 15.288000
0.012708 14.560000
0.012720 15.288000
0.012732 14.560000
0.012744 14.560000
0.012756 15.288000
0.012768 14.560000
0.012780 14.560000
0.012792 14.560000
0.012804 15.288000
0.012816 14.560000
0.012828 14.560000
0.012840 15.288000
0.012852 14.560000
0.012864 14.560000
0.012876 15.288000
0.012888 14.560000
0.012900 15.288000
0.012912 15.288000
0.012924 14.560000
0.012936 15.288000
0.012948 14.560000
0.012960 15.288000
0.012972 14.560000
0.012984 14.560000
0.012996 15.288000
0.013008 14.560000
0.013020 15.288000
0.013032 14.560000
0.013044 15.288000
0.013056 14.560000
0.013068 14.560000
0.013080 15.288000
0.013092 14.560000
0.013104 14.560000
0.013116 14.560000
0.013128 14.560000
0.013140 15.288000
0.013152 13.832000
0.013164 14.560000
0.013176 14.560000
0.013188 14.560000
0.013200 14.560000
0.013212 14.560000
0.013224 13.832000
0.013236 14.560000
0.013248 14.560000
0.013260 14.560000
0.013272 14.560000
0.013284 13.832000
0.013296 15.288000
0.013308 13.832000
0.013320 15.288000
0.013332 13.832000
0.013344 15.288000
0.013356 14.560000
0.013368 14.560000
0.013380 14.560000
0.013392 15.288000
0.013404 14.560000
0.013416 14.560000
0.013428 14.560000
0.013440 14.560000
0.013452 15.288000
0.013464 14.560000
0.013476 14.560000
0.013488 14.560000
0.013500 15.288000
0.013512 13.832000
0.013524 14.560000
0.013536 14.560000
0.013548 14.560000
0.013560 14.560000
0.013572 14.560000
0.013584 13.832000
0.013596 14.560000
0.013608 14.560000
0.013620 14.560000
0.013632 13.832000
0.013644 14.560000
0.013656 13.832000
0.013668 14.560000
0.013680 14.560000
0.013692 14.560000
0.013704 14.560000
0.013716 14.560000
0.013728 13.832000
0.013740 13.832000
0.013752 13.832000
0.013764 14.560000
0.013776 13.832000
0.013788 14.560000
0.013800 13.832000
0.013812 14.560000
0.013824 14.560000
0.013836 13.832000
0.013848 14.560000
0.013860 13.832000
0.013872 13.832000
0.013884 14.560000
0.013896 13.832000
0.013908 14.560000
0.013920 13.832000
0.013932 14.560000
0.013944 13.832000
0.013956 14.560000
0.013968 13.832000
0.013980 14.560000
0.013992 13.832000
0.014004 14.560000
0.014016 14.560000
0.014028 13.832000
0.014040 14.560000
0.014052 14.560000
0.014064 14.560000
0.014076 14.560000
0.014088 14.560000
0.014100 14.560000
0.014112 14.560000
0.014124 13.832000
0.014136 14.560000
0.014148 14.560000
0.014160 14.560000
0.014172 14.560000
0.014184 14.560000
0.014196 14.560000
0.014208 14.560000
0.014220 14.560000
0.014232 15.288000
0.014244 15.288000
0.014256 14.560000
0.014268 15.288000
0.014280 15.288000
0.014292 15.288000
0.014304 15.288000
0.014316 15.288000
0.014328 15.288000
0.014340 15.288000
0.014352 15.288000
0.014364 16.016000
0.014376 15.288000
0.014388 15.288000
0.014400 15.288000
0.014412 15.288000
0.014424 16.016000
0.014436 15.288000
0.014448 16.016000
0.014460 15.288000
0.014472 16.016000
0.014484 16.016000
0.014496 15.288000
0.014508 16.016000
0.014520 16.016000
0.014532 16.016000
0.014544 16.016000
0.014556 16.016000
0.014568 16.016000
0.014580 16.016000
0.014592 16.016000
0.014604 15.288000
0.014616 16.016000
0.014628 16.016000
0.014640 16.016000
0.014652 16.016000
0.014664 15.288000
0.014676 16.016000
0.014688 16.016000
0.014700 15.288000
0.014712 16.016000
0.014724 15.288000
0.014736 16.016000
0.014748 15.288000
0.014760 15.288000
0.014772 15.288000
0.014784 15.288000
0.014796 15.288000
0.014808 15.288000
0.014820 16.016000
0.014832 15.288000
0.014844 15.288000
0.014856 16.016000
0.014868 15.288000
0.014880 15.288000
0.014892 16.016000
0.014904 15.288000
0.014916 15.288000
0.014928 15.288000
0.014940 15.288000
0.014952 15.288000
0.014964 16.016000
0.014976 15.288000
0.014988 15.288000
0.015000 16.016000
0.015012 15.288000
0.015024 16.016000
0.015036 15.288000
0.015048 16.016000
0.015060 15.288000
0.015072 15.288000
0.015084 16.016000
0.015096 15.288000
0.015108 16.016000
0.015120 15.288000
0.015132 16.016000
0.015144 16.016000
0.015156 15.288000
0.015168 16.016000
0.015180 15.288000
0.015192 16.016000
0.015204 15.288000
0.015216 16.016000
0.015228 15.288000
0.015240 16.016000
0.015252 15.288000
0.015264 15.288000
0.015276 15.288000
0.015288 16.016000
0.015300 15.288000
0.015312 15.288000
0.015324 15.288000
0.015336 16.016000
0.015348 15.288000
0.015360 16.016000
0.015372 16.016000
0.015384 15.288000
0.015396 16.016000
0.015408 16.016000
0.015420 16.016000
0.015432 16.016000
0.015444 16.016000
0.015456 16.744000
0.015468 16.016000
0.015480 16.016000
0.015492 16.016000
0.015504 15.288000
0.015516 16.016000
0.015528 15.288000
0.015540 16.016000
0.015552 16.016000
0.015564 15.288000
0.015576 16.016000
0.015588 16.016000
0.015600 15.288000
0.015612 16.016000
0.015624 16.016000
0.015636 15.288000
0.015648 16.016000
0.015660 15.288000
0.015672 16.016000
0.015684 15.288000
0.015696 16.016000
0.015708 16.016000
0.015720 16.016000
0.015732 15.288000
0.015744 16.016000
0.015756 16.016000
0.015768 15.288000
0.015780 15.288000
0.015792 16.016000
0.015804 16.016000
0.015816 15.288000
0.015828 15.288000
0.015840 15.288000
0.015852 16.016000
0.015864 16.016000
0.015876 15.288000
0.015888 16.016000
0.015900 16.016000
0.015912 16.016000
0.015924 16.016000
0.015936 16.016000
0.015948 15.288000
0.015960 16.016000
0.015972 16.016000
0.015984 16.016000
0.015996 15.288000
0.016008 16.016000
0.016020 15.288000
0.016032 16.016000
0.016044 15.288000
0.016056 15.288000
0.016068 16.016000
0.016080 15.288000
0.016092 15.288000
0.016104 16.016000
0.016116 16.016000
0.016128 15.288000
0.016140 16.016000
0.016152 15.288000
0.016164 15.288000
0.016176 15.288000
0.016188 16.016000
0.016200 15.288000
0.016212 16.016000
0.016224 15.288000
0.016236 16.016000
0.016248 15.288000
0.016260 16.016000
0.016272 15.288000
0.016284 15.288000
0.016296 16.016000
0.016308 15.288000
0.016320 15.288000
0.016332 15.288000
0.016344 15.288000
0.016356 15.288000
0.016368 16.016000
0.016380 15.288000
0.016392 14.560000
0.016404 16.016000
0.016416 14.560000
0.016428 15.288000
0.016440 15.288000
0.016452 14.560000
0.016464 15.288000
0.016476 14.560000
0.016488 15.288000
0.016500 14.560000
0.016512 14.560000
0.016524 15.288000
0.016536 14.560000
0.016548 14.560000
0.016560 14.560000
0.016572 14.560000
0.016584 15.288000
0.016596 14.560000
0.016608 15.288000
0.016620 14.560000
0.016632 15.288000
0.016644 14.560000
0.016656 14.560000
0.016668 15.288000
0.016680 14.560000
0.016692 14.560000
0.016704 15.288000
0.016716 14.560000
0.016728 15.288000
0.016740 14.560000
0.016752 15.288000
0.016764 14.560000
0.016776 14.560000
0.016788 15.288000
0.016800 14.560000
0.016812 14.560000
0.016824 14.560000
0.016836 15.288000
0.016848 14.560000
0.016860 14.560000
0.016872 15.288000
0.016884 14.560000
0.016896 14.560000
0.016908 15.288000
0.016920 14.560000
0.016932 14.560000
0.016944 14.560000
0.016956 15.288000
0.016968 14.560000
0.016980 14.560000
0.016992 14.560000
0.017004 14.560000
0.017016 14.560000
0.017028 14.560000
0.017040 14.560000
0.017052 13.832000
0.017064 14.560000
0.017076 14.560000
0.017088 14.560000
0.017100 14.560000
0.017112 13.832000
0.017124 15.288000
0.017136 13.832000
0.017148 14.560000
0.017160 13.832000
0.017172 14.560000
0.017184 14.560000
0.017196 13.832000
0.017208 14.560000
0.017220 13.832000
0.017232 14.560000
0.017244 13.832000
0.017256 13.832000
0.017268 13.832000
0.017280 13.832000
0.017292 13.832000
0.017304 13.832000
0.017316 14.560000
0.017328 13.832000
0.017340 13.832000
0.017352 13.832000
0.017364 13.832000
0.017376 14.560000
0.017388 13.832000
0.017400 13.832000
0.017412 14.560000
0.017424 13.832000
0.017436 13.832000
0.017448 14.560000
0.017460 13.832000
0.017472 13.832000
0.017484 13.832000
0.017496 14.560000
0.017508 13.832000
0.017520 13.832000
0.017532 13.832000
0.017544 13.832000
0.017556 13.832000
0.017568 13.832000
0.017580 13.832000
0.017592 13.832000
0.017604 13.832000
0.017616 13.832000
0.017628 13.832000
0.017640 13.832000
0.017652 13.104000
0.017664 13.832000
0.017676 13.832000
0.017688 13.832000
0.017700 13.832000
0.017712 13.104000
0.017724 13.832000
0.017736 13.104000
0.017748 13.832000
0.017760 13.832000
0.017772 13.832000
0.017784 13.104000
0.017796 13.832000
0.017808 13.832000
0.017820 13.104000
0.017832 13.832000
0.017844 13.832000
0.017856 13.104000
0.017868 13.832000
0.017880 13.832000
0.017892 13.832000
0.017904 13.832000
0.017916 13.832000
0.017928 13.104000
0.017940 13.832000
0.017952 13.832000
0.017964 13.832000
0.017976 13.832000
0.017988 14.560000
0.018000 13.832000
0.018012 14.560000
0.018024 13.832000
0.018036 14.560000
0.018048 13.832000
0.018060 15.288000
0.018072 13.832000
0.018084 14.560000
0.018096 14.560000
0.018108 14.560000
0.018120 14.560000
0.018132 13.832000
0.018144 14.560000
0.018156 14.560000
0.018168 14.560000
0.018180 14.560000
0.018192 14.560000
0.018204 14.560000
0.018216 14.560000
0.018228 14.560000
0.018240 14.560000
0.018252 14.560000
0.018264 14.560000
0.018276 14.560000
0.018288 14.560000
0.018300 14.560000
0.018312 14.560000
0.018324 14.560000
0.018336 15.288000
0.018348 14.560000
0.018360 14.560000
0.018372 14.560000
0.018384 14.560000
0.018396 14.560000
0.018408 15.288000
0.018420 14.560000
0.018432 14.560000
0.018444 14.560000
0.018456 14.560000
0.018468 14.560000
0.018480 15.288000
0.018492 14.560000
0.018504 14.560000
0.018516 14.560000
0.018528 15.288000
0.018540 14.560000
0.018552 15.288000
0.018564 14.560000
0.018576 15.288000
0.018588 14.560000
0.018600 14.560000
0.018612 15.288000
0.018624 14.560000
0.018636 14.560000
0.018648 15.288000
0.018660 14.560000
0.018672 14.560000
0.018684 14.560000
0.018696 14.560000
0.018708 15.288000
0.018720 14.560000
0.018732 14.560000
0.018744 15.288000
0.018756 14.560000
0.018768 14.560000
0.018780 15.288000
0.018792 15.288000
0.018804 14.560000
0.018816 15.288000
0.018828 14.560000
0.018840 14.560000
0.018852 15.288000
0.018864 14.560000
0.018876 14.560000
0.018888 14.560000
0.018900 15.288000
0.018912 14.560000
0.018924 14.560000
0.018936 14.560000
0.018948 14.560000
0.018960 14.560000
0.018972 14.560000
0.018984 14.560000
0.018996 15.288000
0.019008 14.560000
0.019020 14.560000
0.019032 15.288000
0.019044 14.560000
0.019056 15.288000
0.019068 14.560000
0.019080 15.288000
0.019092 14.560000
0.019104 15.288000
0.019116 14.560000
0.019128 15.288000
0.019140 14.560000
0.019152 14.560000
0.019164 15.288000
0.019176 15.288000
0.019188 15.288000
0.019200 14.560000
0.019212 15.288000
0.019224 15.288000
0.019236 15.288000
0.019248 15.288000
0.019260 15.288000
0.019272 15.288000
0.019284 14.560000
0.019296 15.288000
0.019308 15.288000
0.019320 15.288000
0.019332 15.288000
0.019344 15.288000
0.019356 15.288000
0.019368 15.288000
0.019380 15.288000
0.019392 15.288000
0.019404 16.016000
0.019416 15.288000
0.019428 15.288000
0.019440 15.288000
0.019452 15.288000
0.019464 15.288000
0.019476 16.016000
0.019488 15.288000
0.019500 15.288000
0.019512 14.560000
0.019524 15.288000
0.019536 15.288000
0.019548 14.560000
0.019560 15.288000
0.019572 15.288000
0.019584 14.560000
0.019596 15.288000
0.019608 15.288000
0.019620 15.288000
0.019632 14.560000
0.019644 15.288000
0.019656 14.560000
0.019668 15.288000
0.019680 14.560000
0.019692 15.288000
0.019704 14.560000
0.019716 14.560000
0.019728 15.288000
0.019740 14.560000
0.019752 15.288000
0.019764 15.288000
0.019776 15.288000
0.019788 15.288000
0.019800 15.288000
0.019812 15.288000
0.019824 14.560000
0.019836 15.288000
0.019848 15.288000
0.019860 15.288000
0.019872 14.560000
0.019884 15.288000
0.019896 15.288000
0.019908 15.288000
0.019920 15.288000
0.019932 15.288000
0.019944 15.288000
0.019956 15.288000
0.019968 15.288000
0.019980 16.016000
0.019992 15.288000
0.020004 15.288000
0.020016 16.016000
0.020028 15.288000
0.020040 16.016000
0.020052 15.288000
0.020064 15.288000
0.020076 15.288000
0.020088 15.288000
0.020100 15.288000
0.020112 15.288000
0.020124 15.288000
0.020136 14.560000
0.020148 15.288000
0.020160 15.288000
0.020172 14.560000
0.020184 15.288000
0.020196 15.288000
0.020208 14.560000
0.020220 15.288000
0.020232 15.288000
0.020244 14.560000
0.020256 15.288000
0.020268 14.560000
0.020280 15.288000
0.020292 14.560000
0.020304 15.288000
0.020316 14.560000
0.020328 15.288000
0.020340 15.288000
0.020352 14.560000
0.020364 15.288000
0.020376 14.560000
0.020388 15.288000
0.020400 15.288000
0.020412 15.288000
0.020424 15.288000
0.020436 15.288000
0.020448 15.288000
0.020460 15.288000
0.020472 15.288000
0.020484 15.288000
0.020496 15.288000
0.020508 15.288000
0.020520 16.016000
0.020532 15.288000
0.020544 15.288000
0.020556 16.016000
0.020568 15.288000
0.020580 15.288000
0.020592 15.288000
0.020604 16.016000
0.020616 15.288000
0.020628 15.288000
0.020640 15.288000
0.020652 16.016000
0.020664 15.288000
0.020676 15.288000
0.020688 15.288000
0.020700 16.016000
0.020712 15.288000
0.020724 15.288000
0.020736 15.288000
0.020748 15.288000
0.020760 15.288000
0.020772 15.288000
0.020784 15.288000
0.020796 15.288000
0.020808 14.560000
0.020820 15.288000
0.020832 15.288000
0.020844 15.288000
0.020856 14.560000
0.020868 15.288000
0.020880 14.560000
0.020892 16.016000
0.020904 15.288000
0.020916 15.288000
0.020928 15.288000
0.020940 15.288000
0.020952 15.288000
0.020964 15.288000
0.020976 15.288000
0.020988 16.016000
0.021000 15.288000
0.021012 15.288000
0.021024 16.016000
0.021036 15.288000
0.021048 16.016000
0.021060 15.288000
0.021072 15.288000
0.021084 15.288000
0.021096 15.288000
0.021108 15.288000
0.021120 16.016000
0.021132 15.288000
0.021144 15.288000
0.021156 15.288000
0.021168 16.016000
0.021180 15.288000
0.021192 15.288000
0.021204 15.288000
0.021216 15.288000
0.021228 16.016000
0.021240 15.288000
0.021252 15.288000
0.021264 15.288000
0.021276 15.288000
0.021288 15.288000
0.021300 15.288000
0.021312 15.288000
0.021324 15.288000
0.021336 14.560000
0.021348 16.016000
0.021360 14.560000
0.021372 15.288000
0.021384 15.288000
0.021396 15.288000
0.021408 14.560000
0.021420 15.288000
0.021432 15.288000
0.021444 14.560000
0.021456 15.288000
0.021468 14.560000
0.021480 15.288000
0.021492 14.560000
0.021504 15.288000
0.021516 14.560000
0.021528 15.288000
0.021540 15.288000
0.021552 14.560000
0.021564 14.560000
0.021576 15.288000
0.021588 14.560000
0.021600 14.560000
0.021612 15.288000
0.021624 14.560000
0.021636 15.288000
0.021648 14.560000
0.021660 14.560000
0.021672 14.560000
0.021684 15.288000
0.021696 14.560000
0.021708 14.560000
0.021720 14.560000
0.021732 14.560000
0.021744 14.560000
0.021756 15.288000
0.021768 14.560000
0.021780 14.560000
0.021792 14.560000
0.021804 14.560000
0.021816 14.560000
0.021828 14.560000
0.021840 14.560000
0.021852 14.560000
0.021864 13.832000
0.021876 14.560000
0.021888 14.560000
0.021900 13.832000
0.021912 14.560000
0.021924 13.832000
0.021936 14.560000
0.021948 13.832000
0.021960 14.560000
0.021972 13.832000
0.021984 14.560000
0.021996 14.560000
0.022008 13.832000
0.022020 14.560000
0.022032 14.560000
0.022044 13.832000
0.022056 14.560000
0.022068 14.560000
0.022080 13.832000
0.022092 14.560000
0.022104 13.832000
0.022116 13.832000
0.022128 14.560000
0.022140 13.832000
0.022152 14.560000
0.022164 13.832000
0.022176 13.832000
0.022188 14.560000
0.022200 14.560000
0.022212 13.832000
0.022224 13.832000
0.022236 14.560000
0.022248 13.832000
0.022260 13.832000
0.022272 13.832000
0.022284 13.832000
0.022296 13.832000
0.022308 14.560000
0.022320 13.832000
0.022332 13.832000
0.022344 13.832000
0.022356 13.832000
0.022368 13.832000
0.022380 13.832000
0.022392 13.832000
0.022404 13.832000
0.022416 13.832000
0.022428 13.832000
0.022440 13.832000
0.022452 13.832000
0.022464 13.832000
0.022476 13.832000
0.022488 14.560000
0.022500 13.832000
0.022512 13.832000
0.022524 13.832000
0.022536 14.560000
0.022548 13.832000
0.022560 13.832000
0.022572 13.832000
0.022584 14.560000
0.022596 13.832000
0.022608 13.832000
0.022620 13.832000
0.022632 13.832000
0.022644 13.104000
0.022656 14.560000
0.022668 13.104000
0.022680 13.832000
0.022692 13.104000
0.022704 13.832000
0.022716 13.104000
0.022728 13.104000
0.022740 13.104000
0.022752 13.832000
0.022764 12.376000
0.022776 13.104000
0.022788 13.104000
0.022800 13.104000
0.022812 12.376000
0.022824 13.104000
0.022836 13.104000
0.022848 12.376000
0.022860 12.376000
0.022872 13.104000
0.022884 12.376000
0.022896 12.376000
0.022908 12.376000
0.022920 13.104000
0.022932 12.376000
0.022944 13.104000
0.022956 12.376000
0.022968 12.376000
0.022980 13.104000
0.022992 12.376000
0.023004 13.104000
0.023016 12.376000
0.023028 13.104000
0.023040 12.376000
0.023052 13.104000
0.023064 12.376000
0.023076 13.104000
0.023088 13.104000
0.023100 12.376000
0.023112 13.104000
0.023124 13.104000
0.023136 13.104000
0.023148 13.104000
0.023160 12.376000
0.023172 13.104000
0.023184 13.104000
0.023196 12.376000
0.023208 13.104000
0.023220 12.376000
0.023232 13.104000
0.023244 13.104000
0.023256 12.376000
0.023268 13.104000
0.023280 12.376000
0.023292 12.376000
0.023304 13.104000
0.023316 12.376000
0.023328 12.376000
0.023340 12.376000
0.023352 13.104000
0.023364 12.376000
0.023376 12.376000
0.023388 12.376000
0.023400 12.376000
0.023412 12.376000
0.023424 13.104000
0.023436 12.376000
0.023448 13.104000
0.023460 12.376000
0.023472 13.104000
0.023484 12.376000
0.023496 12.376000
0.023508 13.104000
0.023520 12.376000
0.023532 13.104000
0.023544 13.104000
0.023556 12.376000
0.023568 13.104000
0.023580 12.376000
0.023592 13.104000
0.023604 12.376000
0.023616 13.104000
0.023628 12.376000
0.023640 13.104000
0.023652 12.376000
0.023664 13.104000
0.023676 12.376000
0.023688 13.104000
0.023700 12.376000
0.023712 13.104000
0.023724 12.376000
0.023736 12.376000
0.023748 12.376000
0.023760 12.376000
0.023772 11.648000
0.023784 12.376000
0.023796 12.376000
0.023808 11.648000
0.023820 12.376000
0.023832 12.376000
0.023844 11.648000
0.023856 12.376000
0.023868 12.376000
0.023880 12.376000
0.023892 12.376000
0.023904 11.648000
0.023916 12.376000
0.023928 12.376000
0.023940 12.376000
0.023952 12.376000
0.023964 12.376000
0.023976 12.376000
0.023988 12.376000
0.024000 12.376000
0.024012 12.376000
0.024024 12.376000
0.024036 12.376000
0.024048 12.376000
0.024060 13.104000
0.024072 12.376000
0.024084 12.376000
0.024096 12.376000
0.024108 13.104000
0.024120 12.376000
0.024132 12.376000
0.024144 12.376000
0.024156 12.376000
0.024168 12.376000
0.024180 12.376000
0.024192 12.376000
0.024204 12.376000
0.024216 12.376000
0.024228 13.104000
0.024240 12.376000
0.024252 12.376000
0.024264 12.376000
0.024276 12.376000
0.024288 12.376000
0.024300 12.376000
0.024312 12.376000
0.024324 12.376000
0.024336 12.376000
0.024348 12.376000
0.024360 12.376000
0.024372 12.376000
0.024384 13.104000
0.024396 12.376000
0.024408 12.376000
0.024420 12.376000
0.024432 12.376000
0.024444 13.104000
0.024456 12.376000
0.024468 12.376000
0.024480 13.104000
0.024492 13.104000
0.024504 12.376000
0.024516 13.104000
0.024528 12.376000
0.024540 13.104000
0.024552 12.376000
0.024564 13.104000
0.024576 12.376000
0.024588 12.376000
0.024600 13.104000
0.024612 13.104000
0.024624 12.376000
0.024636 13.104000
0.024648 13.104000
0.024660 13.104000
0.024672 12.376000
0.024684 13.104000
0.024696 13.104000
0.024708 12.376000
0.024720 13.104000
0.024732 13.104000
0.024744 13.104000
0.024756 12.376000
0.024768 13.104000
0.024780 12.376000
0.024792 13.104000
0.024804 12.376000
0.024816 13.104000
0.024828 12.376000
0.024840 13.104000
0.024852 12.376000
0.024864 12.376000
0.024876 13.104000
0.024888 12.376000
0.024900 13.104000
0.024912 12.376000
0.024924 12.376000
0.024936 13.104000
0.024948 12.376000
0.024960 12.376000
0.024972 13.104000
0.024984 12.376000
0.024996 12.376000
0.025008 13.104000
0.025020 12.376000
0.025032 13.104000
0.025044 13.104000
0.025056 12.376000
0.025068 13.104000
0.025080 13.104000
0.025092 12.376000
0.025104 13.104000
0.025116 12.376000
0.025128 13.104000
0.025140 12.376000
0.025152 13.104000
0.025164 13.104000
0.025176 13.104000
0.025188 12.376000
0.025200 13.104000
0.025212 13.104000
0.025224 13.104000
0.025236 13.104000
0.025248 13.104000
0.025260 13.104000
0.025272 13.104000
0.025284 13.104000
0.025296 13.104000
0.025308 13.104000
0.025320 13.104000
0.025332 13.104000
0.025344 13.104000
0.025356 13.104000
0.025368 13.104000
0.025380 13.104000
0.025392 13.104000
0.025404 13.104000
0.025416 13.104000
0.025428 13.104000
0.025440 13.104000
0.025452 13.832000
0.025464 13.104000
0.025476 13.832000
0.025488 13.104000
0.025500 13.832000
0.025512 13.832000
0.025524 13.104000
0.025536 13.832000
0.025548 13.832000
0.025560 13.104000
0.025572 13.832000
0.025584 13.832000
0.025596 14.560000
0.025608 13.832000
0.025620 13.832000
0.025632 13.832000
0.025644 13.832000
0.025656 13.832000
0.025668 14.560000
0.025680 13.832000
0.025692 13.832000
0.025704 13.832000
0.025716 13.832000
0.025728 13.832000
0.025740 13.832000
0.025752 13.104000
0.025764 13.832000
0.025776 13.832000
0.025788 13.832000
0.025800 13.832000
0.025812 13.832000
0.025824 13.104000
0.025836 13.832000
0.025848 13.832000
0.025860 13.832000
0.025872 13.832000
0.025884 13.104000
0.025896 13.832000
0.025908 13.832000
0.025920 13.832000
0.025932 13.832000
0.025944 13.832000
0.025956 13.832000
0.025968 13.104000
0.025980 13.832000
0.025992 13.832000
0.026004 13.832000
0.026016 13.104000
0.026028 13.832000
0.026040 13.832000
0.026052 13.832000
0.026064 13.104000
0.026076 13.832000
0.026088 13.832000
0.026100 13.832000
0.026112 13.832000
0.026124 14.560000
0.026136 13.832000
0.026148 13.832000
0.026160 13.832000
0.026172 13.832000
0.026184 13.832000
0.026196 13.832000
0.026208 13.832000
0.026220 14.560000
0.026232 13.104000
0.026244 13.832000
0.026256 13.832000
0.026268 13.832000
0.026280 13.104000
0.026292 13.832000
0.026304 13.832000
0.026316 13.832000
0.026328 13.832000
0.026340 13.832000
0.026352 13.832000
0.026364 13.832000
0.026376 13.832000
0.026388 13.104000
0.026400 13.832000
0.026412 13.832000
0.026424 14.560000
0.026436 13.832000
0.026448 14.560000
0.026460 13.832000
0.026472 14.560000
0.026484 14.560000
0.026496 13.832000
0.026508 14.560000
0.026520 14.560000
0.026532 14.560000
0.026544 14.560000
0.026556 13.832000
0.026568 14.560000
0.026580 14.560000
0.026592 14.560000
0.026604 13.832000
0.026616 14.560000
0.026628 14.560000
0.026640 14.560000
0.026652 14.560000
0.026664 14.560000
0.026676 14.560000
0.026688 14.560000
0.026700 14.560000
0.026712 14.560000
0.026724 14.560000
0.026736 14.560000
0.026748 14.560000
0.026760 14.560000
0.026772 14.560000
0.026784 14.560000
0.026796 14.560000
0.026808 14.560000
0.026820 14.560000
0.026832 14.560000
0.026844 13.832000
0.026856 14.560000
0.026868 14.560000
0.026880 13.832000
0.026892 14.560000
0.026904 14.560000
0.026916 14.560000
0.026928 13.832000
0.026940 14.560000
0.026952 13.832000
0.026964 14.560000
0.026976 13.832000
0.026988 14.560000
0.027000 14.560000
0.027012 13.832000
0.027024 14.560000
0.027036 14.560000
0.027048 14.560000
0.027060 13.832000
0.027072 14.560000
0.027084 14.560000
0.027096 13.832000
0.027108 14.560000
0.027120 13.832000
0.027132 14.560000
0.027144 14.560000
0.027156 13.832000
0.027168 14.560000
0.027180 13.832000
0.027192 14.560000
0.027204 14.560000
0.027216 13.832000
0.027228 14.560000
0.027240 14.560000
0.027252 13.832000
0.027264 14.560000
0.027276 14.560000
0.027288 14.560000
0.027300 14.560000
0.027312 14.560000
0.027324 14.560000
0.027336 14.560000
0.027348 13.832000
0.027360 14.560000
0.027372 15.288000
0.027384 14.560000
0.027396 14.560000
0.027408 14.560000
0.027420 14.560000
0.027432 14.560000
0.027444 15.288000
0.027456 14.560000
0.027468 14.560000
0.027480 14.560000
0.027492 14.560000
0.027504 14.560000
0.027516 15.288000
0.027528 14.560000
0.027540 14.560000
0.027552 14.560000
0.027564 14.560000
0.027576 14.560000
0.027588 14.560000
0.027600 14.560000
0.027612 14.560000
0.027624 13.832000
0.027636 14.560000
0.027648 14.560000
0.027660 15.288000
0.027672 13.832000
0.027684 14.560000
0.027696 14.560000
0.027708 15.288000
0.027720 14.560000
0.027732 14.560000
0.027744 14.560000
0.027756 14.560000
0.027768 14.560000
0.027780 14.560000
0.027792 14.560000
0.027804 14.560000
0.027816 14.560000
0.027828 14.560000
0.027840 14.560000
0.027852 14.560000
0.027864 14.560000
0.027876 14.560000
0.027888 14.560000
0.027900 14.560000
0.027912 14.560000
0.027924 14.560000
0.027936 14.560000
0.027948 13.832000
0.027960 14.560000
0.027972 14.560000
0.027984 14.560000
0.027996 14.560000
0.028008 13.832000
0.028020 14.560000
0.028032 14.560000
0.028044 14.560000
0.028056 13.832000
0.028068 14.560000
0.028080 15.288000
0.028092 14.560000
0.028104 14.560000
0.028116 15.288000
0.028128 14.560000
0.028140 14.560000
0.028152 15.288000
0.028164 14.560000
0.028176 14.560000
0.028188 15.288000
0.028200 14.560000
0.028212 15.288000
0.028224 14.560000
0.028236 14.560000
0.028248 14.560000
0.028260 14.560000
0.028272 15.288000
0.028284 14.560000
0.028296 14.560000
0.028308 15.288000
0.028320 14.560000
0.028332 14.560000
0.028344 14.560000
0.028356 14.560000
0.028368 14.560000
0.028380 14.560000
0.028392 14.560000
0.028404 14.560000
0.028416 14.560000
0.028428 14.560000
0.028440 14.560000
0.028452 14.560000
0.028464 14.560000
0.028476 14.560000
0.028488 14.560000
0.028500 14.560000
0.028512 14.560000
0.028524 14.560000
0.028536 14.560000
0.028548 13.832000
0.028560 15.288000
0.028572 13.832000
0.028584 14.560000
0.028596 14.560000
0.028608 14.560000
0.028620 14.560000
0.028632 13.832000
0.028644 14.560000
0.028656 14.560000
0.028668 13.832000
0.028680 14.560000
0.028692 14.560000
0.028704 13.832000
0.028716 14.560000
0.028728 14.560000
0.028740 13.832000
0.028752 13.832000
0.028764 14.560000
0.028776 14.560000
0.028788 13.832000
0.028800 13.832000
0.028812 14.560000
0.028824 14.560000
0.028836 13.832000
0.028848 14.560000
0.028860 13.832000
0.028872 14.560000
0.028884 13.832000
0.028896 13.832000
0.028908 14.560000
0.028920 13.832000
0.028932 13.832000
0.028944 14.560000
0.028956 13.832000
0.028968 14.560000
0.028980 14.560000
0.028992 14.560000
0.029004 13.832000
0.029016 14.560000
0.029028 14.560000
0.029040 14.560000
0.029052 13.832000
0.029064 14.560000
0.029076 14.560000
0.029088 14.560000
0.029100 14.560000
0.029112 13.832000
0.029124 14.560000
0.029136 14.560000
0.029148 13.832000
0.029160 14.560000
0.029172 13.832000
0.029184 14.560000
0.029196 13.832000
0.029208 13.832000
0.029220 13.832000
0.029232 13.832000
0.029244 13.832000
0.029256 14.560000
0.029268 13.832000
0.029280 13.832000
0.029292 13.832000
0.029304 14.560000
0.029316 13.832000
0.029328 14.560000
0.029340 13.832000
0.029352 13.832000
0.029364 14.560000
0.029376 13.832000
0.029388 13.832000
0.029400 14.560000
0.029412 13.832000
0.029424 13.832000
0.029436 13.832000
0.029448 13.832000
0.029460 13.832000
0.029472 13.832000
0.029484 14.560000
0.029496 13.832000
0.029508 13.832000
0.029520 14.560000
0.029532 13.832000
0.029544 14.560000
0.029556 14.560000
0.029568 13.832000
0.029580 14.560000
0.029592 13.832000
0.029604 14.560000
0.029616 14.560000
0.029628 13.832000
0.029640 14.560000
0.029652 14.560000
0.029664 14.560000
0.029676 14.560000
0.029688 14.560000
0.029700 14.560000
0.029712 13.832000
0.029724 14.560000
0.029736 14.560000
0.029748 14.560000
0.029760 14.560000
0.029772 13.832000
0.029784 14.560000
0.029796 14.560000
0.029808 14.560000
0.029820 14.560000
0.029832 14.560000
0.029844 13.832000
0.029856 14.560000
0.029868 14.560000
0.029880 14.560000
0.029892 14.560000
0.029904 14.560000
0.029916 14.560000
0.029928 14.560000
0.029940 13.832000
0.029952 14.560000
0.029964 14.560000
0.029976 14.560000
0.029988 14.560000
0.030000 14.560000
0.030012 13.832000
0.030024 14.560000
0.030036 14.560000
0.030048 14.560000
0.030060 14.560000
0.030072 14.560000
0.030084 14.560000
0.030096 13.832000
0.030108 14.560000
0.030120 14.560000
0.030132 14.560000
0.030144 14.560000
0.030156 13.832000
0.030168 14.560000
0.030180 14.560000
0.030192 14.560000
0.030204 14.560000
0.030216 14.560000
0.030228 14.560000
0.030240 14.560000
0.030252 14.560000
0.030264 14.560000
0.030276 14.560000
0.030288 14.560000
0.030300 14.560000
0.030312 14.560000
0.030324 13.832000
0.030336 14.560000
0.030348 15.288000
0.030360 14.560000
0.030372 14.560000
0.030384 15.288000
0.030396 14.560000
0.030408 15.288000
0.030420 14.560000
0.030432 15.288000
0.030444 14.560000
0.030456 15.288000
0.030468 14.560000
0.030480 14.560000
0.030492 15.288000
0.030504 15.288000
0.030516 15.288000
0.030528 15.288000
0.030540 15.288000
0.030552 15.288000
0.030564 15.288000
0.030576 16.016000
0.030588 15.288000
0.030600 15.288000
0.030612 15.288000
0.030624 15.288000
0.030636 16.016000
0.030648 15.288000
0.030660 15.288000
0.030672 16.016000
0.030684 16.016000
0.030696 15.288000
0.030708 15.288000
0.030720 16.016000
0.030732 15.288000
0.030744 15.288000
0.030756 15.288000
0.030768 15.288000
0.030780 15.288000
0.030792 15.288000
0.030804 15.288000
0.030816 15.288000
0.030828 15.288000
0.030840 15.288000
0.030852 15.288000
0.030864 15.288000
0.030876 15.288000
0.030888 15.288000
0.030900 15.288000
0.030912 15.288000
0.030924 15.288000
0.030936 14.560000
0.030948 15.288000
0.030960 15.288000
0.030972 15.288000
0.030984 15.288000
0.030996 15.288000
0.031008 15.288000
0.031020 14.560000
0.031032 15.288000
0.031044 15.288000
0.031056 15.288000
0.031068 14.560000
0.031080 15.288000
0.031092 14.560000
0.031104 15.288000
0.031116 15.288000
0.031128 15.288000
0.031140 15.288000
0.031152 15.288000
0.031164 15.288000
0.031176 16.016000
0.031188 15.288000
0.031200 15.288000
0.031212 15.288000
0.031224 16.016000
0.031236 15.288000
0.031248 16.016000
0.031260 16.016000
0.031272 15.288000
0.031284 16.016000
0.031296 16.016000
0.031308 15.288000
0.031320 16.016000
0.031332 16.016000
0.031344 16.016000
0.031356 16.016000
0.031368 16.016000
0.031380 16.016000
0.031392 16.016000
0.031404 16.016000
0.031416 16.016000
0.031428 16.016000
0.031440 16.744000
0.031452 16.016000
0.031464 16.016000
0.031476 16.016000
0.031488 16.744000
0.031500 16.016000
0.031512 16.016000
0.031524 16.016000
0.031536 16.744000
0.031548 16.016000
0.031560 16.016000
0.031572 16.744000
0.031584 16.744000
0.031596 16.016000
0.031608 16.744000
0.031620 16.016000
0.031632 16.744000
0.031644 16.016000
0.031656 16.016000
0.031668 16.744000
0.031680 16.016000
0.031692 16.744000
0.031704 16.016000
0.031716 16.744000
0.031728 16.744000
0.031740 16.016000
0.031752 16.744000
0.031764 16.744000
0.031776 16.744000
0.031788 16.016000
0.031800 16.744000
0.031812 16.016000
0.031824 16.016000
0.031836 16.016000
0.031848 16.016000
0.031860 16.016000
0.031872 16.016000
0.031884 16.016000
0.031896 16.016000
0.031908 16.016000
0.031920 16.016000
0.031932 16.016000
0.031944 16.016000
0.031956 16.016000
0.031968 16.016000
0.031980 16.016000
0.031992 16.016000
0.032004 16.016000
0.032016 16.016000
0.032028 16.016000
0.032040 16.016000
0.032052 16.016000
0.032064 16.016000
0.032076 16.016000
0.032088 16.016000
0.032100 15.288000
0.032112 16.744000
0.032124 16.016000
0.032136 15.288000
0.032148 16.744000
0.032160 16.016000
0.032172 16.016000
0.032184 16.016000
0.032196 16.016000
0.032208 16.016000
0.032220 16.744000
0.032232 16.016000
0.032244 16.016000
0.032256 16.744000
0.032268 16.016000
0.032280 16.744000
0.032292 16.744000
0.032304 16.744000
0.032316 16.744000
0.032328 16.744000
0.032340 16.744000
0.032352 16.744000
0.032364 16.744000
0.032376 17.472000
0.032388 16.744000
0.032400 16.744000
0.032412 16.744000
0.032424 17.472000
0.032436 16.744000
0.032448 16.744000
0.032460 17.472000
0.032472 16.744000
0.032484 16.744000
0.032496 17.472000
0.032508 17.472000
0.032520 16.744000
0.032532 17.472000
0.032544 16.744000
0.032556 16.744000
0.032568 17.472000
0.032580 16.744000
0.032592 17.472000
0.032604 16.744000
0.032616 17.472000
0.032628 16.744000
0.032640 17.472000
0.032652 16.016000
0.032664 17.472000
0.032676 16.016000
0.032688 16.744000
0.032700 16.744000
0.032712 16.744000
0.032724 16.744000
0.032736 16.744000
0.032748 16.744000
0.032760 16.744000
0.032772 16.744000
0.032784 16.016000
0.032796 16.744000
0.032808 16.744000
0.032820 16.744000
0.032832 16.016000
0.032844 16.744000
0.032856 16.744000
0.032868 16.744000
0.032880 16.744000
0.032892 16.016000
0.032904 16.744000
0.032916 16.744000
0.032928 16.016000
0.032940 16.744000
0.032952 16.016000
0.032964 16.744000
0.032976 16.016000
0.032988 16.744000
0.033000 16.016000
0.033012 16.744000
0.033024 16.744000
0.033036 16.744000
0.033048 16.016000
0.033060 16.744000
0.033072 16.744000
0.033084 16.016000
0.033096 16.744000
0.033108 16.016000
0.033120 16.016000
0.033132 16.744000
0.033144 16.016000
0.033156 16.744000
0.033168 16.744000
0.033180 16.016000
0.033192 16.744000
0.033204 16.744000
0.033216 16.016000
0.033228 17.472000
0.033240 16.016000
0.033252 16.744000
0.033264 16.744000
0.033276 16.744000
0.033288 16.016000
0.033300 16.744000
0.033312 16.016000
0.033324 16.016000
0.033336 16.744000
0.033348 16.016000
0.033360 16.744000
0.033372 16.016000
0.033384 16.744000
0.033396 16.744000
0.033408 16.744000
0.033420 16.744000
0.033432 16.744000
0.033444 17.472000
0.033456 16.744000
0.033468 16.744000
0.033480 17.472000
0.033492 16.744000
0.033504 16.744000
0.033516 17.472000
0.033528 16.744000
0.033540 16.744000
0.033552 17.472000
0.033564 16.744000
0.033576 17.472000
0.033588 16.744000
0.033600 17.472000
0.033612 17.472000
0.033624 16.744000
0.033636 17.472000
0.033648 16.744000
0.033660 17.472000
0.033672 17.472000
0.033684 16.744000
0.033696 16.744000
0.033708 17.472000
0.033720 16.744000
0.033732 17.472000
0.033744 16.744000
0.033756 17.472000
0.033768 16.744000
0.033780 17.472000
0.033792 17.472000
0.033804 17.472000
0.033816 16.744000
0.033828 17.472000
0.033840 16.744000
0.033852 17.472000
0.033864 17.472000
0.033876 16.744000
0.033888 16.744000
0.033900 17.472000
0.033912 17.472000
0.033924 16.744000
0.033936 17.472000
0.033948 17.472000
0.033960 17.472000
0.033972 16.744000
0.033984 17.472000
0.033996 17.472000
0.034008 16.744000
0.034020 17.472000
0.034032 16.744000
0.034044 17.472000
0.034056 17.472000
0.034068 16.744000
0.034080 16.744000
0.034092 17.472000
0.034104 16.744000
0.034116 16.744000
0.034128 17.472000
0.034140 16.744000
0.034152 16.744000
0.034164 16.744000
0.034176 16.744000
0.034188 16.744000
0.034200 16.744000
0.034212 16.016000
0.034224 16.744000
0.034236 16.744000
0.034248 16.744000
0.034260 16.016000
0.034272 16.016000
0.034284 16.744000
0.034296 16.016000
0.034308 16.744000
0.034320 16.744000
0.034332 16.016000
0.034344 16.016000
0.034356 16.744000
0.034368 16.016000
0.034380 16.744000
0.034392 16.016000
0.034404 16.016000
0.034416 16.744000
0.034428 17.472000
0.034440 16.016000
0.034452 16.744000
0.034464 16.744000
0.034476 16.744000
0.034488 16.016000
0.034500 16.744000
0.034512 16.016000
0.034524 16.744000
0.034536 16.016000
0.034548 16.744000
0.034560 16.016000
0.034572 16.744000
0.034584 16.744000
0.034596 16.016000
0.034608 16.016000
0.034620 16.744000
0.034632 16.744000
0.034644 16.744000
0.034656 16.016000
0.034668 16.744000
0.034680 16.744000
0.034692 16.744000
0.034704 16.016000
0.034716 16.744000
0.034728 16.744000
0.034740 16.016000
0.034752 16.744000
0.034764 16.016000
0.034776 16.016000
0.034788 16.744000
0.034800 16.016000
0.034812 16.744000
0.034824 16.016000
0.034836 16.744000
0.034848 16.016000
0.034860 16.016000
0.034872 16.016000
0.034884 16.744000
0.034896 16.016000
0.034908 16.016000
0.034920 16.016000
0.034932 16.016000
0.034944 16.016000
0.034956 16.016000
0.034968 15.288000
0.034980 16.016000
0.034992 16.016000
0.035004 15.288000
0.035016 16.016000
0.035028 16.016000
0.035040 16.016000
0.035052 15.288000
0.035064 16.016000
0.035076 16.016000
0.035088 15.288000
0.035100 16.016000
0.035112 16.016000
0.035124 15.288000
0.035136 16.016000
0.035148 15.288000
0.035160 15.288000
0.035172 16.016000
0.035184 15.288000
0.035196 15.288000
0.035208 15.288000
0.035220 16.016000
0.035232 15.288000
0.035244 15.288000
0.035256 16.016000
0.035268 15.288000
0.035280 15.288000
0.035292 16.016000
0.035304 14.560000
0.035316 16.016000
0.035328 15.288000
0.035340 15.288000
0.035352 15.288000
0.035364 15.288000
0.035376 15.288000
0.035388 14.560000
0.035400 15.288000
0.035412 16.016000
0.035424 15.288000
0.035436 15.288000
0.035448 15.288000
0.035460 15.288000
0.035472 15.288000
0.035484 15.288000
0.035496 15.288000
0.035508 15.288000
0.035520 15.288000
0.035532 15.288000
0.035544 15.288000
0.035556 15.288000
0.035568 15.288000
0.035580 15.288000
0.035592 15.288000
0.035604 15.288000
0.035616 16.016000
0.035628 15.288000
0.035640 15.288000
0.035652 15.288000
0.035664 15.288000
0.035676 15.288000
0.035688 16.016000
0.035700 15.288000
0.035712 15.288000
0.035724 16.016000
0.035736 15.288000
0.035748 16.016000
0.035760 15.288000
0.035772 16.016000
0.035784 15.288000
0.035796 16.016000
0.035808 15.288000
0.035820 16.016000
0.035832 16.016000
0.035844 16.016000
0.035856 15.288000
0.035868 16.016000
0.035880 15.288000
0.035892 16.016000
0.035904 15.288000
0.035916 15.288000
0.035928 15.288000
0.035940 16.016000
0.035952 16.016000
0.035964 15.288000
0.035976 15.288000
0.035988 16.016000
0.036000 15.288000
0.036012 16.016000
0.036024 15.288000
0.036036 15.288000
0.036048 15.288000
0.036060 16.016000
0.036072 15.288000
0.036084 15.288000
0.036096 15.288000
0.036108 15.288000
0.036120 15.288000
0.036132 15.288000
0.036144 16.016000
0.036156 14.560000
0.036168 15.288000
0.036180 15.288000
0.036192 16.016000
0.036204 15.288000
0.036216 15.288000
0.036228 15.288000
0.036240 15.288000
0.036252 16.016000
0.036264 15.288000
0.036276 15.288000
0.036288 15.288000
0.036300 15.288000
0.036312 15.288000
0.036324 15.288000
0.036336 15.288000
0.036348 15.288000
0.036360 15.288000
0.036372 15.288000
0.036384 15.288000
0.036396 15.288000
0.036408 15.288000
0.036420 16.016000
0.036432 15.288000
0.036444 15.288000
0.036456 16.016000
0.036468 15.288000
0.036480 15.288000
0.036492 16.016000
0.036504 15.288000
0.036516 16.016000
0.036528 15.288000
0.036540 16.016000
0.036552 15.288000
0.036564 16.016000
0.036576 16.016000
0.036588 15.288000
0.036600 16.016000
0.036612 16.016000
0.036624 16.016000
0.036636 15.288000
0.036648 16.016000
0.036660 15.288000
0.036672 15.288000
0.036684 16.016000
0.036696 15.288000
0.036708 16.016000
0.036720 15.288000
0.036732 15.288000
0.036744 16.016000
0.036756 15.288000
0.036768 15.288000
0.036780 16.016000
0.036792 15.288000
0.036804 15.288000
0.036816 16.016000
0.036828 15.288000
0.036840 16.016000
0.036852 16.016000
0.036864 16.016000
0.036876 15.288000
0.036888 16.016000
0.036900 16.016000
0.036912 16.016000
0.036924 15.288000
0.036936 16.016000
0.036948 16.016000
0.036960 15.288000
0.036972 16.016000
0.036984 15.288000
0.036996 16.016000
0.037008 15.288000
0.037020 16.016000
0.037032 15.288000
0.037044 16.016000
0.037056 15.288000
0.037068 16.016000
0.037080 15.288000
0.037092 15.288000
0.037104 16.016000
0.037116 15.288000
0.037128 15.288000
0.037140 15.288000
0.037152 16.016000
0.037164 15.288000
0.037176 15.288000
0.037188 16.016000
0.037200 15.288000
0.037212 16.016000
0.037224 16.016000
0.037236 15.288000
0.037248 16.016000
0.037260 16.016000
0.037272 15.288000
0.037284 16.016000
0.037296 16.016000
0.037308 16.016000
0.037320 16.016000
0.037332 15.288000
0.037344 16.016000
0.037356 16.016000
0.037368 16.016000
0.037380 15.288000
0.037392 16.016000
0.037404 16.016000
0.037416 15.288000
0.037428 16.016000
0.037440 15.288000
0.037452 15.288000
0.037464 16.016000
0.037476 16.016000
0.037488 15.288000
0.037500 15.288000
0.037512 16.016000
0.037524 15.288000
0.037536 16.016000
0.037548 15.288000
0.037560 16.016000
0.037572 16.016000
0.037584 15.288000
0.037596 15.288000
0.037608 16.016000
0.037620 15.288000
0.037632 16.016000
0.037644 15.288000
0.037656 16.016000
0.037668 15.288000
0.037680 16.016000
0.037692 16.016000
0.037704 15.288000
0.037716 15.288000
0.037728 15.288000
0.037740 16.016000
0.037752 16.016000
0.037764 15.288000
0.037776 16.016000
0.037788 16.016000
0.037800 15.288000
0.037812 16.016000
0.037824 16.016000
0.037836 16.016000
0.037848 16.016000
0.037860 16.016000
0.037872 16.016000
0.037884 16.016000
0.037896 16.016000
0.037908 16.016000
0.037920 16.016000
0.037932 15.288000
0.037944 16.016000
0.037956 16.016000
0.037968 15.288000
0.037980 16.016000
0.037992 15.288000
0.038004 16.016000
0.038016 15.288000
0.038028 16.016000
0.038040 15.288000
0.038052 16.016000
0.038064 15.288000
0.038076 16.016000
0.038088 16.016000
0.038100 16.016000
0.038112 15.288000
0.038124 16.016000
0.038136 16.016000
0.038148 16.016000
0.038160 16.016000
0.038172 16.016000
0.038184 15.288000
0.038196 16.016000
0.038208 16.016000
0.038220 15.288000
0.038232 16.016000
0.038244 15.288000
0.038256 16.016000
0.038268 15.288000
0.038280 16.016000
0.038292 15.288000
0.038304 16.016000
0.038316 16.016000
0.038328 15.288000
0.038340 15.288000
0.038352 16.016000
0.038364 16.016000
0.038376 16.016000
0.038388 15.288000
0.038400 16.016000
0.038412 15.288000
0.038424 16.016000
0.038436 16.016000
0.038448 15.288000
0.038460 16.016000
0.038472 16.016000
0.038484 16.016000
0.038496 15.288000
0.038508 16.016000
0.038520 16.016000
0.038532 16.016000
0.038544 16.016000
0.038556 16.016000
0.038568 16.016000
0.038580 16.744000
0.038592 16.016000
0.038604 16.016000
0.038616 16.016000
0.038628 16.744000
0.038640 16.016000
0.038652 16.016000
0.038664 16.744000
0.038676 16.016000
0.038688 16.016000
0.038700 16.016000
0.038712 16.016000
0.038724 16.016000
0.038736 16.016000
0.038748 16.016000
0.038760 16.016000
0.038772 16.744000
0.038784 16.016000
0.038796 16.016000
0.038808 16.016000
0.038820 16.744000
0.038832 16.016000
0.038844 16.016000
0.038856 16.744000
0.038868 15.288000
0.038880 16.016000
0.038892 16.016000
0.038904 16.016000
0.038916 15.288000
0.038928 16.016000
0.038940 15.288000
0.038952 16.016000
0.038964 15.288000
0.038976 15.288000
0.038988 16.016000
0.039000 15.288000
0.039012 15.288000
0.039024 16.016000
0.039036 15.288000
0.039048 15.288000
0.039060 15.288000
0.039072 15.288000
0.039084 15.288000
0.039096 15.288000
0.039108 15.288000
0.039120 14.560000
0.039132 15.288000
0.039144 14.560000
0.039156 15.288000
0.039168 14.560000
0.039180 15.288000
0.039192 14.560000
0.039204 14.560000
0.039216 14.560000
0.039228 14.560000
0.039240 14.560000
0.039252 14.560000
0.039264 15.288000
0.039276 13.832000
0.039288 15.288000
0.039300 13.832000
0.039312 14.560000
0.039324 14.560000
0.039336 14.560000
0.039348 14.560000
0.039360 13.832000
0.039372 14.560000
0.039384 14.560000
0.039396 13.832000
0.039408 14.560000
0.039420 14.560000
0.039432 13.832000
0.039444 14.560000
0.039456 13.832000
0.039468 14.560000
0.039480 13.832000
0.039492 14.560000
0.039504 13.832000
0.039516 14.560000
0.039528 14.560000
0.039540 14.560000
0.039552 14.560000
0.039564 14.560000
0.039576 14.560000
0.039588 13.832000
0.039600 13.832000
0.039612 14.560000
0.039624 13.832000
0.039636 13.832000
0.039648 13.832000
0.039660 13.832000
0.039672 13.832000
0.039684 13.832000
0.039696 14.560000
0.039708 13.832000
0.039720 14.560000
0.039732 13.832000
0.039744 13.832000
0.039756 14.560000
0.039768 13.832000
0.039780 13.832000
0.039792 14.560000
0.039804 14.560000
0.039816 14.560000
0.039828 13.832000
0.039840 14.560000
0.039852 14.560000
0.039864 14.560000
0.039876 14.560000
0.039888 13.832000
0.039900 14.560000
0.039912 13.832000
0.039924 14.560000
0.039936 14.560000
0.039948 13.832000
0.039960 14.560000
0.039972 13.832000
0.039984 14.560000
0.039996 13.832000
0.040008 13.832000
0.040020 14.560000
0.040032 13.832000
0.040044 13.832000
0.040056 14.560000
0.040068 13.832000
0.040080 14.560000
0.040092 13.832000
0.040104 14.560000
0.040116 13.832000
0.040128 14.560000
0.040140 13.832000
0.040152 13.832000
0.040164 13.832000
0.040176 14.560000
0.040188 13.832000
0.040200 13.832000
0.040212 14.560000
0.040224 13.832000
0.040236 13.832000
0.040248 13.832000
0.040260 14.560000
0.040272 13.832000
0.040284 14.560000
0.040296 13.832000
0.040308 14.560000
0.040320 13.832000
0.040332 13.832000
0.040344 14.560000
0.040356 13.832000
0.040368 14.560000
0.040380 13.832000
0.040392 13.832000
0.040404 14.560000
0.040416 13.832000
0.040428 13.832000
0.040440 14.560000
0.040452 14.560000
0.040464 13.832000
0.040476 14.560000
0.040488 13.832000
0.040500 13.832000
0.040512 14.560000
0.040524 13.832000
0.040536 13.832000
0.040548 14.560000
0.040560 13.832000
0.040572 13.832000
0.040584 13.832000
0.040596 13.832000
0.040608 13.832000
0.040620 13.832000
0.040632 13.832000
0.040644 13.832000
0.040656 13.104000
0.040668 14.560000
0.040680 13.832000
0.040692 13.832000
0.040704 13.832000
0.040716 13.104000
0.040728 13.832000
0.040740 13.832000
0.040752 13.832000
0.040764 13.832000
0.040776 13.832000
0.040788 13.832000
0.040800 14.560000
0.040812 13.832000
0.040824 13.832000
0.040836 13.832000
0.040848 13.832000
0.040860 14.560000
0.040872 13.832000
0.040884 13.832000
0.040896 14.560000
0.040908 13.832000
0.040920 13.832000
0.040932 14.560000
0.040944 13.832000
0.040956 13.832000
0.040968 14.560000
0.040980 13.832000
0.040992 13.832000
0.041004 14.560000
0.041016 13.832000
0.041028 13.832000
0.041040 14.560000
0.041052 13.832000
0.041064 13.832000
0.041076 13.832000
0.041088 14.560000
0.041100 13.832000
0.041112 14.560000
0.041124 13.832000
0.041136 14.560000
0.041148 13.832000
0.041160 14.560000
0.041172 13.832000
0.041184 13.832000
0.041196 14.560000
0.041208 14.560000
0.041220 13.832000
0.041232 14.560000
0.041244 14.560000
0.041256 13.832000
0.041268 14.560000
0.041280 13.832000
0.041292 13.832000
0.041304 14.560000
0.041316 13.832000
0.041328 13.832000
0.041340 14.560000
0.041352 13.832000
0.041364 13.832000
0.041376 13.832000
0.041388 14.560000
0.041400 13.832000
0.041412 14.560000
0.041424 13.832000
0.041436 14.560000
0.041448 13.832000
0.041460 13.832000
0.041472 14.560000
0.041484 13.832000
0.041496 14.560000
0.041508 13.832000
0.041520 14.560000
0.041532 14.560000
0.041544 14.560000
0.041556 14.560000
0.041568 14.560000
0.041580 14.560000
0.041592 14.560000
0.041604 14.560000
0.041616 14.560000
0.041628 14.560000
0.041640 14.560000
0.041652 14.560000
0.041664 14.560000
0.041676 14.560000
0.041688 14.560000
0.041700 14.560000
0.041712 15.288000
0.041724 14.560000
0.041736 14.560000
0.041748 14.560000
0.041760 15.288000
0.041772 15.288000
0.041784 14.560000
0.041796 15.288000
0.041808 14.560000
0.041820 14.560000
0.041832 15.288000
0.041844 14.560000
0.041856 14.560000
0.041868 14.560000
0.041880 14.560000
0.041892 14.560000
0.041904 14.560000
0.041916 15.288000
0.041928 14.560000
0.041940 14.560000
0.041952 15.288000
0.041964 14.560000
0.041976 14.560000
0.041988 14.560000
0.042000 15.288000
0.042012 13.832000
0.042024 15.288000
0.042036 14.560000
0.042048 14.560000
0.042060 15.288000
0.042072 15.288000
0.042084 15.288000
0.042096 15.288000
0.042108 15.288000
0.042120 15.288000
0.042132 14.560000
0.042144 15.288000
0.042156 15.288000
0.042168 14.560000
0.042180 15.288000
0.042192 14.560000
0.042204 15.288000
0.042216 14.560000
0.042228 15.288000
0.042240 14.560000
0.042252 15.288000
0.042264 14.560000
0.042276 15.288000
0.042288 14.560000
0.042300 15.288000
0.042312 14.560000
0.042324 15.288000
0.042336 14.560000
0.042348 14.560000
0.042360 15.288000
0.042372 14.560000
0.042384 14.560000
0.042396 14.560000
0.042408 15.288000
0.042420 14.560000
0.042432 14.560000
0.042444 14.560000
0.042456 14.560000
0.042468 15.288000
0.042480 14.560000
0.042492 14.560000
0.042504 14.560000
0.042516 14.560000
0.042528 14.560000
0.042540 14.560000
0.042552 14.560000
0.042564 14.560000
0.042576 13.832000
0.042588 14.560000
0.042600 14.560000
0.042612 14.560000
0.042624 14.560000
0.042636 14.560000
0.042648 14.560000
0.042660 14.560000
0.042672 13.832000
0.042684 14.560000
0.042696 14.560000
0.042708 14.560000
0.042720 13.832000
0.042732 14.560000
0.042744 14.560000
0.042756 14.560000
0.042768 14.560000
0.042780 15.288000
0.042792 14.560000
0.042804 14.560000
0.042816 14.560000
0.042828 14.560000
0.042840 14.560000
0.042852 14.560000
0.042864 14.560000
0.042876 14.560000
0.042888 14.560000
0.042900 14.560000
0.042912 13.832000
0.042924 14.560000
0.042936 13.832000
0.042948 14.560000
0.042960 14.560000
0.042972 14.560000
0.042984 14.560000
0.042996 14.560000
0.043008 14.560000
0.043020 14.560000
0.043032 13.832000
0.043044 14.560000
0.043056 14.560000
0.043068 14.560000
0.043080 14.560000
0.043092 14.560000
0.043104 14.560000
0.043116 13.832000
0.043128 14.560000
0.043140 14.560000
0.043152 13.832000
0.043164 14.560000
0.043176 14.560000
0.043188 14.560000
0.043200 14.560000
0.043212 14.560000
0.043224 15.288000
0.043236 14.560000
0.043248 14.560000
0.043260 14.560000
0.043272 14.560000
0.043284 14.560000
0.043296 15.288000
0.043308 14.560000
0.043320 14.560000
0.043332 14.560000
0.043344 14.560000
0.043356 14.560000
0.043368 15.288000
0.043380 14.560000
0.043392 15.288000
0.043404 14.560000
0.043416 14.560000
0.043428 15.288000
0.043440 14.560000
0.043452 14.560000
0.043464 14.560000
0.043476 13.832000
0.043488 14.560000
0.043500 14.560000
0.043512 14.560000
0.043524 14.560000
0.043536 14.560000
0.043548 13.832000
0.043560 14.560000
0.043572 14.560000
0.043584 13.832000
0.043596 14.560000
0.043608 14.560000
0.043620 14.560000
0.043632 13.832000
0.043644 14.560000
0.043656 14.560000
0.043668 14.560000
0.043680 13.832000
0.043692 15.288000
0.043704 13.832000
0.043716 14.560000
0.043728 13.832000
0.043740 14.560000
0.043752 13.832000
0.043764 14.560000
0.043776 13.832000
0.043788 14.560000
0.043800 13.832000
0.043812 14.560000
0.043824 13.832000
0.043836 14.560000
0.043848 13.832000
0.043860 14.560000
0.043872 13.832000
0.043884 14.560000
0.043896 13.832000
0.043908 14.560000
0.043920 13.832000
0.043932 14.560000
0.043944 14.560000
0.043956 14.560000
0.043968 14.560000
0.043980 13.832000
0.043992 14.560000
0.044004 14.560000
0.044016 14.560000
0.044028 13.832000
0.044040 14.560000
0.044052 14.560000
0.044064 13.832000
0.044076 14.560000
0.044088 14.560000
0.044100 14.560000
0.044112 14.560000
0.044124 14.560000
0.044136 14.560000
0.044148 14.560000
0.044160 14.560000
0.044172 14.560000
0.044184 13.832000
0.044196 14.560000
0.044208 14.560000
0.044220 13.832000
0.044232 14.560000
0.044244 13.832000
0.044256 14.560000
0.044268 14.560000
0.044280 13.832000
0.044292 14.560000
0.044304 14.560000
0.044316 14.560000
0.044328 13.832000
0.044340 14.560000
0.044352 13.832000
0.044364 13.832000
0.044376 13.832000
0.044388 14.560000
0.044400 13.832000
0.044412 13.832000
0.044424 14.560000
0.044436 13.832000
0.044448 13.832000
0.044460 13.832000
0.044472 13.832000
0.044484 13.832000
0.044496 13.832000
0.044508 14.560000
0.044520 13.832000
0.044532 13.832000
0.044544 13.832000
0.044556 14.560000
0.044568 13.832000
0.044580 14.560000
0.044592 14.560000
0.044604 13.832000
0.044616 14.560000
0.044628 14.560000
0.044640 15.288000
0.044652 13.832000
0.044664 15.288000
0.044676 14.560000
0.044688 14.560000
0.044700 14.560000
0.044712 14.560000
0.044724 14.560000
0.044736 14.560000
0.044748 14.560000
0.044760 13.832000
0.044772 14.560000
0.044784 14.560000
0.044796 14.560000
0.044808 13.832000
0.044820 14.560000
0.044832 13.832000
0.044844 14.560000
0.044856 14.560000
0.044868 14.560000
0.044880 13.832000
