#Time(s)	Thru(Gbps)
0.000012 0.000000
0.000024 0.000000
0.000036 0.000000
0.000048 0.000000
0.000060 0.000000
0.000072 0.000000
0.000084 0.000000
0.000096 0.000000
0.000108 0.000000
0.000120 0.000000
0.000132 0.000000
0.000144 0.000000
0.000156 0.000000
0.000168 0.000000
0.000180 0.000000
0.000192 0.000000
0.000204 0.000000
0.000216 0.000000
0.000228 0.000000
0.000240 0.000000
0.000252 0.000000
0.000264 0.000000
0.000276 0.000000
0.000288 0.000000
0.000300 0.000000
0.000312 0.000000
0.000324 0.000000
0.000336 0.000000
0.000348 0.000000
0.000360 0.000000
0.000372 0.000000
0.000384 0.000000
0.000396 0.000000
0.000408 0.000000
0.000420 0.000000
0.000432 0.000000
0.000444 0.000000
0.000456 0.000000
0.000468 0.000000
0.000480 0.000000
0.000492 0.000000
0.000504 0.000000
0.000516 0.000000
0.000528 0.000000
0.000540 0.000000
0.000552 0.000000
0.000564 0.000000
0.000576 0.000000
0.000588 0.000000
0.000600 0.000000
0.000612 0.000000
0.000624 0.000000
0.000636 0.000000
0.000648 0.000000
0.000660 0.000000
0.000672 0.000000
0.000684 0.000000
0.000696 0.000000
0.000708 0.000000
0.000720 0.000000
0.000732 0.000000
0.000744 0.000000
0.000756 0.000000
0.000768 0.000000
0.000780 0.000000
0.000792 0.000000
0.000804 0.000000
0.000816 0.000000
0.000828 0.000000
0.000840 0.000000
0.000852 0.000000
0.000864 0.000000
0.000876 0.000000
0.000888 0.000000
0.000900 0.000000
0.000912 0.000000
0.000924 0.000000
0.000936 0.000000
0.000948 0.000000
0.000960 0.000000
0.000972 0.000000
0.000984 0.000000
0.000996 0.000000
0.001008 0.000000
0.001020 0.000000
0.001032 0.000000
0.001044 0.000000
0.001056 0.000000
0.001068 0.000000
0.001080 0.000000
0.001092 0.000000
0.001104 0.000000
0.001116 0.000000
0.001128 0.000000
0.001140 0.000000
0.001152 0.000000
0.001164 0.000000
0.001176 0.000000
0.001188 0.000000
0.001200 0.000000
0.001212 0.000000
0.001224 0.000000
0.001236 0.000000
0.001248 0.000000
0.001260 0.000000
0.001272 0.000000
0.001284 0.000000
0.001296 0.000000
0.001308 0.000000
0.001320 0.000000
0.001332 0.000000
0.001344 0.000000
0.001356 0.000000
0.001368 0.000000
0.001380 0.000000
0.001392 0.000000
0.001404 0.000000
0.001416 0.000000
0.001428 0.000000
0.001440 0.000000
0.001452 0.000000
0.001464 0.000000
0.001476 0.000000
0.001488 0.000000
0.001500 0.000000
0.001512 0.000000
0.001524 0.000000
0.001536 0.000000
0.001548 0.000000
0.001560 0.000000
0.001572 0.000000
0.001584 0.000000
0.001596 0.000000
0.001608 0.000000
0.001620 0.000000
0.001632 0.000000
0.001644 0.000000
0.001656 0.000000
0.001668 0.000000
0.001680 0.000000
0.001692 0.000000
0.001704 0.000000
0.001716 0.000000
0.001728 0.000000
0.001740 0.000000
0.001752 0.000000
0.001764 0.000000
0.001776 0.000000
0.001788 0.000000
0.001800 0.000000
0.001812 0.000000
0.001824 0.000000
0.001836 0.000000
0.001848 0.000000
0.001860 0.000000
0.001872 0.000000
0.001884 0.000000
0.001896 0.000000
0.001908 0.000000
0.001920 0.000000
0.001932 0.000000
0.001944 0.000000
0.001956 0.000000
0.001968 0.000000
0.001980 0.000000
0.001992 0.000000
0.002004 0.000000
0.002016 0.000000
0.002028 0.000000
0.002040 0.000000
0.002052 0.000000
0.002064 0.000000
0.002076 0.000000
0.002088 0.000000
0.002100 0.000000
0.002112 0.000000
0.002124 0.000000
0.002136 0.000000
0.002148 0.000000
0.002160 0.000000
0.002172 0.000000
0.002184 0.000000
0.002196 0.000000
0.002208 0.000000
0.002220 0.000000
0.002232 0.000000
0.002244 0.000000
0.002256 0.000000
0.002268 0.000000
0.002280 0.000000
0.002292 0.000000
0.002304 0.000000
0.002316 0.000000
0.002328 0.000000
0.002340 0.000000
0.002352 0.000000
0.002364 0.000000
0.002376 0.000000
0.002388 0.000000
0.002400 0.000000
0.002412 0.000000
0.002424 0.000000
0.002436 0.000000
0.002448 0.000000
0.002460 0.000000
0.002472 0.000000
0.002484 0.000000
0.002496 0.000000
0.002508 0.000000
0.002520 0.000000
0.002532 0.000000
0.002544 0.000000
0.002556 0.000000
0.002568 0.000000
0.002580 0.000000
0.002592 0.000000
0.002604 0.000000
0.002616 0.000000
0.002628 0.000000
0.002640 0.000000
0.002652 0.000000
0.002664 0.000000
0.002676 0.000000
0.002688 0.000000
0.002700 0.000000
0.002712 0.000000
0.002724 0.000000
0.002736 0.000000
0.002748 0.000000
0.002760 0.000000
0.002772 0.000000
0.002784 0.000000
0.002796 0.000000
0.002808 0.000000
0.002820 0.000000
0.002832 0.000000
0.002844 0.000000
0.002856 0.000000
0.002868 0.000000
0.002880 0.000000
0.002892 0.000000
0.002904 0.000000
0.002916 0.000000
0.002928 0.000000
0.002940 0.000000
0.002952 0.000000
0.002964 0.000000
0.002976 0.000000
0.002988 0.000000
0.003000 0.000000
0.003012 0.000000
0.003024 0.000000
0.003036 0.000000
0.003048 0.000000
0.003060 0.000000
0.003072 0.000000
0.003084 0.000000
0.003096 0.000000
0.003108 0.000000
0.003120 0.000000
0.003132 0.000000
0.003144 0.000000
0.003156 0.000000
0.003168 0.000000
0.003180 0.000000
0.003192 0.000000
0.003204 0.000000
0.003216 0.000000
0.003228 0.000000
0.003240 0.000000
0.003252 0.000000
0.003264 0.000000
0.003276 0.000000
0.003288 0.000000
0.003300 0.000000
0.003312 0.000000
0.003324 0.000000
0.003336 0.000000
0.003348 0.000000
0.003360 0.000000
0.003372 0.000000
0.003384 0.000000
0.003396 0.000000
0.003408 0.000000
0.003420 0.000000
0.003432 0.000000
0.003444 0.000000
0.003456 0.000000
0.003468 0.000000
0.003480 0.000000
0.003492 0.000000
0.003504 0.000000
0.003516 0.000000
0.003528 0.000000
0.003540 0.000000
0.003552 0.000000
0.003564 0.000000
0.003576 0.000000
0.003588 0.000000
0.003600 0.000000
0.003612 0.000000
0.003624 0.000000
0.003636 0.000000
0.003648 0.000000
0.003660 0.000000
0.003672 0.000000
0.003684 0.000000
0.003696 0.000000
0.003708 0.000000
0.003720 0.000000
0.003732 0.000000
0.003744 0.000000
0.003756 0.000000
0.003768 0.000000
0.003780 0.000000
0.003792 0.000000
0.003804 0.000000
0.003816 0.000000
0.003828 0.000000
0.003840 0.000000
0.003852 0.000000
0.003864 0.000000
0.003876 0.000000
0.003888 0.000000
0.003900 0.000000
0.003912 0.000000
0.003924 0.000000
0.003936 0.000000
0.003948 0.000000
0.003960 0.000000
0.003972 0.000000
0.003984 0.000000
0.003996 0.000000
0.004008 0.000000
0.004020 0.000000
0.004032 0.000000
0.004044 0.000000
0.004056 0.000000
0.004068 0.000000
0.004080 0.000000
0.004092 0.000000
0.004104 0.000000
0.004116 0.000000
0.004128 0.000000
0.004140 0.000000
0.004152 0.000000
0.004164 0.000000
0.004176 0.000000
0.004188 0.000000
0.004200 0.000000
0.004212 0.000000
0.004224 0.000000
0.004236 0.000000
0.004248 0.000000
0.004260 0.000000
0.004272 0.000000
0.004284 0.000000
0.004296 0.000000
0.004308 0.000000
0.004320 0.000000
0.004332 0.000000
0.004344 0.000000
0.004356 0.000000
0.004368 0.000000
0.004380 0.000000
0.004392 0.000000
0.004404 0.000000
0.004416 0.000000
0.004428 0.000000
0.004440 0.000000
0.004452 0.000000
0.004464 0.000000
0.004476 0.000000
0.004488 0.000000
0.004500 0.000000
0.004512 0.000000
0.004524 0.000000
0.004536 0.000000
0.004548 0.000000
0.004560 0.000000
0.004572 0.000000
0.004584 0.000000
0.004596 0.000000
0.004608 0.000000
0.004620 0.000000
0.004632 0.000000
0.004644 0.000000
0.004656 0.000000
0.004668 0.000000
0.004680 0.000000
0.004692 0.000000
0.004704 0.000000
0.004716 0.000000
0.004728 0.000000
0.004740 0.000000
0.004752 0.000000
0.004764 0.000000
0.004776 0.000000
0.004788 0.000000
0.004800 0.000000
0.004812 0.000000
0.004824 0.000000
0.004836 0.000000
0.004848 0.000000
0.004860 0.000000
0.004872 0.000000
0.004884 0.000000
0.004896 0.000000
0.004908 0.000000
0.004920 0.000000
0.004932 0.000000
0.004944 0.000000
0.004956 0.000000
0.004968 0.000000
0.004980 0.000000
0.004992 0.000000
0.005004 0.000000
0.005016 0.000000
0.005028 0.000000
0.005040 0.000000
0.005052 0.000000
0.005064 0.000000
0.005076 0.000000
0.005088 0.000000
0.005100 0.000000
0.005112 0.000000
0.005124 0.000000
0.005136 0.000000
0.005148 0.000000
0.005160 0.000000
0.005172 0.000000
0.005184 0.000000
0.005196 0.000000
0.005208 0.000000
0.005220 0.000000
0.005232 0.000000
0.005244 0.000000
0.005256 0.000000
0.005268 0.000000
0.005280 0.000000
0.005292 0.000000
0.005304 0.000000
0.005316 0.000000
0.005328 0.000000
0.005340 0.000000
0.005352 0.000000
0.005364 0.000000
0.005376 0.000000
0.005388 0.000000
0.005400 0.000000
0.005412 0.000000
0.005424 0.000000
0.005436 0.000000
0.005448 0.000000
0.005460 0.000000
0.005472 0.000000
0.005484 0.000000
0.005496 0.000000
0.005508 0.000000
0.005520 0.000000
0.005532 0.000000
0.005544 0.000000
0.005556 0.000000
0.005568 0.000000
0.005580 0.000000
0.005592 0.000000
0.005604 0.000000
0.005616 0.000000
0.005628 0.000000
0.005640 0.000000
0.005652 0.000000
0.005664 0.000000
0.005676 0.000000
0.005688 0.000000
0.005700 0.000000
0.005712 0.000000
0.005724 0.000000
0.005736 0.000000
0.005748 0.000000
0.005760 0.000000
0.005772 0.000000
0.005784 0.000000
0.005796 0.000000
0.005808 0.000000
0.005820 0.000000
0.005832 0.000000
0.005844 0.000000
0.005856 0.000000
0.005868 0.000000
0.005880 0.000000
0.005892 0.000000
0.005904 0.000000
0.005916 0.000000
0.005928 0.000000
0.005940 0.000000
0.005952 0.000000
0.005964 0.000000
0.005976 0.000000
0.005988 0.000000
0.006000 0.000000
0.006012 0.000000
0.006024 0.000000
0.006036 0.000000
0.006048 0.000000
0.006060 0.000000
0.006072 0.000000
0.006084 0.000000
0.006096 0.000000
0.006108 0.000000
0.006120 0.000000
0.006132 0.000000
0.006144 0.000000
0.006156 0.000000
0.006168 0.000000
0.006180 0.000000
0.006192 0.000000
0.006204 0.000000
0.006216 0.000000
0.006228 0.000000
0.006240 0.000000
0.006252 0.000000
0.006264 0.000000
0.006276 0.000000
0.006288 0.000000
0.006300 0.000000
0.006312 0.000000
0.006324 0.000000
0.006336 0.000000
0.006348 0.000000
0.006360 0.000000
0.006372 0.000000
0.006384 0.000000
0.006396 0.000000
0.006408 0.000000
0.006420 0.000000
0.006432 0.000000
0.006444 0.000000
0.006456 0.000000
0.006468 0.000000
0.006480 0.000000
0.006492 0.000000
0.006504 0.000000
0.006516 0.000000
0.006528 0.000000
0.006540 0.000000
0.006552 0.000000
0.006564 0.000000
0.006576 0.000000
0.006588 0.000000
0.006600 0.000000
0.006612 0.000000
0.006624 0.000000
0.006636 0.000000
0.006648 0.000000
0.006660 0.000000
0.006672 0.000000
0.006684 0.000000
0.006696 0.000000
0.006708 0.000000
0.006720 0.000000
0.006732 0.000000
0.006744 0.000000
0.006756 0.000000
0.006768 0.000000
0.006780 0.000000
0.006792 0.000000
0.006804 0.000000
0.006816 0.000000
0.006828 0.000000
0.006840 0.000000
0.006852 0.000000
0.006864 0.000000
0.006876 0.000000
0.006888 0.000000
0.006900 0.000000
0.006912 0.000000
0.006924 0.000000
0.006936 0.000000
0.006948 0.000000
0.006960 0.000000
0.006972 0.000000
0.006984 0.000000
0.006996 0.000000
0.007008 0.000000
0.007020 0.000000
0.007032 0.000000
0.007044 0.000000
0.007056 0.000000
0.007068 0.000000
0.007080 0.000000
0.007092 0.000000
0.007104 0.000000
0.007116 0.000000
0.007128 0.000000
0.007140 0.000000
0.007152 0.000000
0.007164 0.000000
0.007176 0.000000
0.007188 0.000000
0.007200 0.000000
0.007212 0.000000
0.007224 0.000000
0.007236 0.000000
0.007248 0.000000
0.007260 0.000000
0.007272 0.000000
0.007284 0.000000
0.007296 0.000000
0.007308 0.000000
0.007320 0.000000
0.007332 0.000000
0.007344 0.000000
0.007356 0.000000
0.007368 0.000000
0.007380 0.000000
0.007392 0.000000
0.007404 0.000000
0.007416 0.000000
0.007428 0.000000
0.007440 0.000000
0.007452 0.000000
0.007464 0.000000
0.007476 0.000000
0.007488 0.000000
0.007500 0.000000
0.007512 0.000000
0.007524 0.000000
0.007536 0.000000
0.007548 0.000000
0.007560 0.000000
0.007572 0.000000
0.007584 0.000000
0.007596 0.000000
0.007608 0.000000
0.007620 0.000000
0.007632 0.000000
0.007644 0.000000
0.007656 0.000000
0.007668 0.000000
0.007680 0.000000
0.007692 0.000000
0.007704 0.000000
0.007716 0.000000
0.007728 0.000000
0.007740 0.000000
0.007752 0.000000
0.007764 0.000000
0.007776 0.000000
0.007788 0.000000
0.007800 0.000000
0.007812 0.000000
0.007824 0.000000
0.007836 0.000000
0.007848 0.000000
0.007860 0.000000
0.007872 0.000000
0.007884 0.000000
0.007896 0.000000
0.007908 0.000000
0.007920 0.000000
0.007932 0.000000
0.007944 0.000000
0.007956 0.000000
0.007968 0.000000
0.007980 0.000000
0.007992 0.000000
0.008004 0.000000
0.008016 0.000000
0.008028 0.000000
0.008040 0.000000
0.008052 0.000000
0.008064 0.000000
0.008076 0.000000
0.008088 0.000000
0.008100 0.000000
0.008112 0.000000
0.008124 0.000000
0.008136 0.000000
0.008148 0.000000
0.008160 0.000000
0.008172 0.000000
0.008184 0.000000
0.008196 0.000000
0.008208 0.000000
0.008220 0.000000
0.008232 0.000000
0.008244 0.000000
0.008256 0.000000
0.008268 0.000000
0.008280 0.000000
0.008292 0.000000
0.008304 0.000000
0.008316 0.000000
0.008328 0.000000
0.008340 0.000000
0.008352 0.000000
0.008364 0.000000
0.008376 0.000000
0.008388 0.000000
0.008400 0.000000
0.008412 0.000000
0.008424 0.000000
0.008436 0.000000
0.008448 0.000000
0.008460 0.000000
0.008472 0.000000
0.008484 0.000000
0.008496 0.000000
0.008508 0.000000
0.008520 0.000000
0.008532 0.000000
0.008544 0.000000
0.008556 0.000000
0.008568 0.000000
0.008580 0.000000
0.008592 0.000000
0.008604 0.000000
0.008616 0.000000
0.008628 0.000000
0.008640 0.000000
0.008652 0.000000
0.008664 0.000000
0.008676 0.000000
0.008688 0.000000
0.008700 0.000000
0.008712 0.000000
0.008724 0.000000
0.008736 0.000000
0.008748 0.000000
0.008760 0.000000
0.008772 0.000000
0.008784 0.000000
0.008796 0.000000
0.008808 0.000000
0.008820 0.000000
0.008832 0.000000
0.008844 0.000000
0.008856 0.000000
0.008868 0.000000
0.008880 0.000000
0.008892 0.000000
0.008904 0.000000
0.008916 0.000000
0.008928 0.000000
0.008940 0.000000
0.008952 0.000000
0.008964 0.000000
0.008976 0.000000
0.008988 0.000000
0.009000 0.000000
0.009012 0.000000
0.009024 0.000000
0.009036 0.000000
0.009048 0.000000
0.009060 0.000000
0.009072 0.000000
0.009084 0.000000
0.009096 0.000000
0.009108 0.000000
0.009120 0.000000
0.009132 0.000000
0.009144 0.000000
0.009156 0.000000
0.009168 0.000000
0.009180 0.000000
0.009192 0.000000
0.009204 0.000000
0.009216 0.000000
0.009228 0.000000
0.009240 0.000000
0.009252 0.000000
0.009264 0.000000
0.009276 0.000000
0.009288 0.000000
0.009300 0.000000
0.009312 0.000000
0.009324 0.000000
0.009336 0.000000
0.009348 0.000000
0.009360 0.000000
0.009372 0.000000
0.009384 0.000000
0.009396 0.000000
0.009408 0.000000
0.009420 0.000000
0.009432 0.000000
0.009444 0.000000
0.009456 0.000000
0.009468 0.000000
0.009480 0.000000
0.009492 0.000000
0.009504 0.000000
0.009516 0.000000
0.009528 0.000000
0.009540 0.000000
0.009552 0.000000
0.009564 0.000000
0.009576 0.000000
0.009588 0.000000
0.009600 0.000000
0.009612 0.000000
0.009624 0.000000
0.009636 0.000000
0.009648 0.000000
0.009660 0.000000
0.009672 0.000000
0.009684 0.000000
0.009696 0.000000
0.009708 0.000000
0.009720 0.000000
0.009732 0.000000
0.009744 0.000000
0.009756 0.000000
0.009768 0.000000
0.009780 0.000000
0.009792 0.000000
0.009804 0.000000
0.009816 0.000000
0.009828 0.000000
0.009840 0.000000
0.009852 0.000000
0.009864 0.000000
0.009876 0.000000
0.009888 0.000000
0.009900 0.000000
0.009912 0.000000
0.009924 0.000000
0.009936 0.000000
0.009948 0.000000
0.009960 0.000000
0.009972 0.000000
0.009984 0.000000
0.009996 0.000000
0.010008 20.384000
0.010020 50.960000
0.010032 37.856000
0.010044 47.320000
0.010056 46.592000
0.010068 41.496000
0.010080 47.320000
0.010092 43.680000
0.010104 45.136000
0.010116 45.864000
0.010128 44.408000
0.010140 45.864000
0.010152 45.136000
0.010164 45.136000
0.010176 44.408000
0.010188 45.136000
0.010200 44.408000
0.010212 44.408000
0.010224 43.680000
0.010236 44.408000
0.010248 43.680000
0.010260 45.136000
0.010272 44.408000
0.010284 43.680000
0.010296 44.408000
0.010308 43.680000
0.010320 44.408000
0.010332 42.952000
0.010344 43.680000
0.010356 43.680000
0.010368 42.952000
0.010380 42.952000
0.010392 42.952000
0.010404 42.224000
0.010416 42.224000
0.010428 42.224000
0.010440 42.224000
0.010452 41.496000
0.010464 42.224000
0.010476 41.496000
0.010488 42.224000
0.010500 41.496000
0.010512 42.224000
0.010524 42.224000
0.010536 41.496000
0.010548 42.224000
0.010560 41.496000
0.010572 42.224000
0.010584 41.496000
0.010596 41.496000
0.010608 41.496000
0.010620 41.496000
0.010632 42.224000
0.010644 41.496000
0.010656 40.768000
0.010668 41.496000
0.010680 41.496000
0.010692 41.496000
0.010704 41.496000
0.010716 41.496000
0.010728 41.496000
0.010740 41.496000
0.010752 40.768000
0.010764 40.768000
0.010776 41.496000
0.010788 41.496000
0.010800 41.496000
0.010812 40.040000
0.010824 41.496000
0.010836 40.768000
0.010848 40.768000
0.010860 40.768000
0.010872 40.768000
0.010884 40.768000
0.010896 40.040000
0.010908 41.496000
0.010920 40.040000
0.010932 40.768000
0.010944 40.040000
0.010956 41.496000
0.010968 40.768000
0.010980 40.768000
0.010992 40.040000
0.011004 40.768000
0.011016 40.768000
0.011028 40.768000
0.011040 40.040000
0.011052 40.768000
0.011064 40.040000
0.011076 40.040000
0.011088 40.040000
0.011100 40.768000
0.011112 40.768000
0.011124 40.040000
0.011136 40.040000
0.011148 40.040000
0.011160 39.312000
0.011172 40.040000
0.011184 40.040000
0.011196 39.312000
0.011208 39.312000
0.011220 39.312000
0.011232 40.040000
0.011244 40.040000
0.011256 39.312000
0.011268 39.312000
0.011280 40.040000
0.011292 38.584000
0.011304 39.312000
0.011316 39.312000
0.011328 39.312000
0.011340 38.584000
0.011352 39.312000
0.011364 38.584000
0.011376 38.584000
0.011388 38.584000
0.011400 37.856000
0.011412 39.312000
0.011424 37.856000
0.011436 38.584000
0.011448 37.856000
0.011460 37.856000
0.011472 38.584000
0.011484 37.856000
0.011496 38.584000
0.011508 37.128000
0.011520 37.856000
0.011532 37.128000
0.011544 37.128000
0.011556 37.128000
0.011568 37.128000
0.011580 37.128000
0.011592 36.400000
0.011604 36.400000
0.011616 37.128000
0.011628 36.400000
0.011640 36.400000
0.011652 36.400000
0.011664 37.128000
0.011676 35.672000
0.011688 37.128000
0.011700 35.672000
0.011712 36.400000
0.011724 35.672000
0.011736 35.672000
0.011748 35.672000
0.011760 35.672000
0.011772 36.400000
0.011784 34.944000
0.011796 35.672000
0.011808 34.944000
0.011820 34.944000
0.011832 34.216000
0.011844 35.672000
0.011856 34.944000
0.011868 34.216000
0.011880 34.216000
0.011892 34.944000
0.011904 34.216000
0.011916 34.944000
0.011928 34.944000
0.011940 34.944000
0.011952 34.216000
0.011964 34.944000
0.011976 34.216000
0.011988 34.944000
0.012000 34.216000
0.012012 34.216000
0.012024 34.944000
0.012036 34.216000
0.012048 34.944000
0.012060 33.488000
0.012072 34.944000
0.012084 34.944000
0.012096 34.216000
0.012108 34.216000
0.012120 34.216000
0.012132 34.944000
0.012144 33.488000
0.012156 34.944000
0.012168 34.216000
0.012180 34.216000
0.012192 34.216000
0.012204 34.216000
0.012216 34.216000
0.012228 34.944000
0.012240 34.216000
0.012252 34.216000
0.012264 34.216000
0.012276 34.216000
0.012288 34.216000
0.012300 35.672000
0.012312 34.216000
0.012324 34.216000
0.012336 34.216000
0.012348 34.216000
0.012360 34.216000
0.012372 34.216000
0.012384 34.216000
0.012396 34.944000
0.012408 33.488000
0.012420 34.216000
0.012432 34.216000
0.012444 33.488000
0.012456 34.216000
0.012468 34.216000
0.012480 34.216000
0.012492 34.216000
0.012504 34.216000
0.012516 34.216000
0.012528 35.672000
0.012540 34.216000
0.012552 34.944000
0.012564 34.216000
0.012576 33.488000
0.012588 34.216000
0.012600 34.216000
0.012612 34.216000
0.012624 33.488000
0.012636 34.216000
0.012648 34.944000
0.012660 34.216000
0.012672 34.216000
0.012684 34.216000
0.012696 34.216000
0.012708 34.216000
0.012720 34.216000
0.012732 33.488000
0.012744 34.216000
0.012756 34.944000
0.012768 34.216000
0.012780 33.488000
0.012792 33.488000
0.012804 34.216000
0.012816 34.216000
0.012828 34.216000
0.012840 33.488000
0.012852 34.216000
0.012864 34.216000
0.012876 34.216000
0.012888 34.216000
0.012900 34.216000
0.012912 33.488000
0.012924 34.944000
0.012936 34.216000
0.012948 34.944000
0.012960 34.216000
0.012972 34.944000
0.012984 34.216000
0.012996 35.672000
0.013008 34.216000
0.013020 34.944000
0.013032 34.944000
0.013044 34.944000
0.013056 34.216000
0.013068 34.944000
0.013080 34.216000
0.013092 34.944000
0.013104 34.944000
0.013116 34.216000
0.013128 35.672000
0.013140 34.216000
0.013152 34.944000
0.013164 35.672000
0.013176 34.944000
0.013188 34.944000
0.013200 34.944000
0.013212 34.216000
0.013224 34.944000
0.013236 34.944000
0.013248 34.216000
0.013260 34.944000
0.013272 34.944000
0.013284 34.216000
0.013296 34.944000
0.013308 34.944000
0.013320 34.944000
0.013332 34.944000
0.013344 34.944000
0.013356 34.216000
0.013368 34.944000
0.013380 34.216000
0.013392 34.216000
0.013404 34.944000
0.013416 34.216000
0.013428 34.944000
0.013440 34.944000
0.013452 34.944000
0.013464 34.944000
0.013476 34.944000
0.013488 34.944000
0.013500 35.672000
0.013512 35.672000
0.013524 35.672000
0.013536 35.672000
0.013548 35.672000
0.013560 36.400000
0.013572 34.944000
0.013584 35.672000
0.013596 35.672000
0.013608 35.672000
0.013620 35.672000
0.013632 35.672000
0.013644 36.400000
0.013656 35.672000
0.013668 34.944000
0.013680 35.672000
0.013692 34.944000
0.013704 35.672000
0.013716 35.672000
0.013728 36.400000
0.013740 36.400000
0.013752 37.128000
0.013764 36.400000
0.013776 36.400000
0.013788 36.400000
0.013800 36.400000
0.013812 36.400000
0.013824 35.672000
0.013836 37.128000
0.013848 36.400000
0.013860 36.400000
0.013872 36.400000
0.013884 37.128000
0.013896 36.400000
0.013908 35.672000
0.013920 36.400000
0.013932 36.400000
0.013944 36.400000
0.013956 36.400000
0.013968 35.672000
0.013980 35.672000
0.013992 35.672000
0.014004 35.672000
0.014016 35.672000
0.014028 35.672000
0.014040 35.672000
0.014052 35.672000
0.014064 35.672000
0.014076 34.944000
0.014088 35.672000
0.014100 36.400000
0.014112 34.944000
0.014124 35.672000
0.014136 35.672000
0.014148 35.672000
0.014160 35.672000
0.014172 35.672000
0.014184 34.216000
0.014196 35.672000
0.014208 34.944000
0.014220 34.944000
0.014232 34.216000
0.014244 34.944000
0.014256 34.944000
0.014268 34.944000
0.014280 34.216000
0.014292 34.944000
0.014304 34.944000
0.014316 34.216000
0.014328 34.944000
0.014340 34.216000
0.014352 34.944000
0.014364 33.488000
0.014376 34.216000
0.014388 34.216000
0.014400 34.216000
0.014412 34.216000
0.014424 34.216000
0.014436 34.944000
0.014448 33.488000
0.014460 34.216000
0.014472 34.216000
0.014484 34.216000
0.014496 34.216000
0.014508 34.216000
0.014520 34.216000
0.014532 34.216000
0.014544 34.216000
0.014556 34.944000
0.014568 34.216000
0.014580 34.216000
0.014592 34.216000
0.014604 34.216000
0.014616 34.216000
0.014628 34.216000
0.014640 34.216000
0.014652 34.216000
0.014664 34.944000
0.014676 34.216000
0.014688 34.216000
0.014700 34.944000
0.014712 34.216000
0.014724 34.216000
0.014736 34.216000
0.014748 34.216000
0.014760 34.216000
0.014772 34.216000
0.014784 34.216000
0.014796 34.944000
0.014808 34.216000
0.014820 34.216000
0.014832 34.216000
0.014844 34.944000
0.014856 34.944000
0.014868 34.216000
0.014880 34.216000
0.014892 34.944000
0.014904 34.216000
0.014916 34.944000
0.014928 34.944000
0.014940 34.216000
0.014952 34.216000
0.014964 34.944000
0.014976 34.216000
0.014988 34.944000
0.015000 34.216000
0.015012 34.216000
0.015024 34.944000
0.015036 34.216000
0.015048 34.944000
0.015060 34.216000
0.015072 34.216000
0.015084 34.944000
0.015096 34.944000
0.015108 33.488000
0.015120 34.944000
0.015132 34.944000
0.015144 34.216000
0.015156 34.944000
0.015168 34.216000
0.015180 34.216000
0.015192 34.216000
0.015204 34.216000
0.015216 33.488000
0.015228 34.216000
0.015240 33.488000
0.015252 34.216000
0.015264 34.216000
0.015276 34.216000
0.015288 34.216000
0.015300 33.488000
0.015312 34.944000
0.015324 33.488000
0.015336 33.488000
0.015348 34.216000
0.015360 33.488000
0.015372 34.216000
0.015384 34.216000
0.015396 34.216000
0.015408 34.216000
0.015420 33.488000
0.015432 34.216000
0.015444 34.216000
0.015456 33.488000
0.015468 34.216000
0.015480 34.216000
0.015492 34.216000
0.015504 34.216000
0.015516 34.944000
0.015528 33.488000
0.015540 34.216000
0.015552 34.944000
0.015564 34.216000
0.015576 34.944000
0.015588 34.216000
0.015600 34.944000
0.015612 34.216000
0.015624 34.216000
0.015636 34.216000
0.015648 34.944000
0.015660 34.944000
0.015672 34.216000
0.015684 34.944000
0.015696 34.944000
0.015708 34.944000
0.015720 34.216000
0.015732 34.944000
0.015744 34.944000
0.015756 34.216000
0.015768 34.944000
0.015780 34.944000
0.015792 34.944000
0.015804 34.216000
0.015816 34.216000
0.015828 34.216000
0.015840 34.216000
0.015852 33.488000
0.015864 33.488000
0.015876 34.216000
0.015888 32.760000
0.015900 34.216000
0.015912 32.760000
0.015924 33.488000
0.015936 34.216000
0.015948 33.488000
0.015960 33.488000
0.015972 33.488000
0.015984 33.488000
0.015996 34.216000
0.016008 33.488000
0.016020 34.216000
0.016032 32.760000
0.016044 34.216000
0.016056 34.216000
0.016068 33.488000
0.016080 34.216000
0.016092 33.488000
0.016104 33.488000
0.016116 34.216000
0.016128 34.216000
0.016140 33.488000
0.016152 34.216000
0.016164 33.488000
0.016176 34.216000
0.016188 33.488000
0.016200 33.488000
0.016212 33.488000
0.016224 34.216000
0.016236 33.488000
0.016248 34.216000
0.016260 33.488000
0.016272 34.216000
0.016284 34.944000
0.016296 34.216000
0.016308 34.944000
0.016320 34.216000
0.016332 34.944000
0.016344 34.216000
0.016356 34.216000
0.016368 34.216000
0.016380 34.944000
0.016392 34.216000
0.016404 34.944000
0.016416 34.216000
0.016428 35.672000
0.016440 34.216000
0.016452 34.944000
0.016464 34.944000
0.016476 35.672000
0.016488 35.672000
0.016500 34.944000
0.016512 34.944000
0.016524 35.672000
0.016536 34.944000
0.016548 35.672000
0.016560 34.944000
0.016572 36.400000
0.016584 35.672000
0.016596 34.944000
0.016608 34.944000
0.016620 35.672000
0.016632 34.944000
0.016644 35.672000
0.016656 34.944000
0.016668 35.672000
0.016680 34.944000
0.016692 34.944000
0.016704 35.672000
0.016716 34.944000
0.016728 35.672000
0.016740 34.944000
0.016752 34.944000
0.016764 34.944000
0.016776 34.944000
0.016788 34.944000
0.016800 34.944000
0.016812 34.944000
0.016824 34.944000
0.016836 34.944000
0.016848 34.216000
0.016860 34.944000
0.016872 34.944000
0.016884 34.216000
0.016896 35.672000
0.016908 34.216000
0.016920 34.216000
0.016932 34.944000
0.016944 34.216000
0.016956 34.216000
0.016968 34.944000
0.016980 34.944000
0.016992 34.216000
0.017004 34.944000
0.017016 34.944000
0.017028 34.944000
0.017040 34.944000
0.017052 34.944000
0.017064 34.944000
0.017076 34.216000
0.017088 34.944000
0.017100 34.944000
0.017112 34.216000
0.017124 34.944000
0.017136 34.944000
0.017148 34.944000
0.017160 34.216000
0.017172 34.944000
0.017184 34.944000
0.017196 35.672000
0.017208 34.216000
0.017220 34.944000
0.017232 34.944000
0.017244 34.216000
0.017256 35.672000
0.017268 34.216000
0.017280 34.944000
0.017292 34.944000
0.017304 35.672000
0.017316 34.944000
0.017328 34.944000
0.017340 35.672000
0.017352 34.944000
0.017364 34.944000
0.017376 34.944000
0.017388 35.672000
0.017400 35.672000
0.017412 34.944000
0.017424 35.672000
0.017436 34.944000
0.017448 35.672000
0.017460 35.672000
0.017472 35.672000
0.017484 34.944000
0.017496 35.672000
0.017508 34.944000
0.017520 34.944000
0.017532 35.672000
0.017544 35.672000
0.017556 35.672000
0.017568 35.672000
0.017580 34.944000
0.017592 35.672000
0.017604 35.672000
0.017616 35.672000
0.017628 34.944000
0.017640 36.400000
0.017652 35.672000
0.017664 35.672000
0.017676 34.216000
0.017688 35.672000
0.017700 35.672000
0.017712 34.944000
0.017724 34.944000
0.017736 35.672000
0.017748 34.944000
0.017760 34.944000
0.017772 34.944000
0.017784 35.672000
0.017796 34.944000
0.017808 34.944000
0.017820 35.672000
0.017832 34.944000
0.017844 34.944000
0.017856 34.944000
0.017868 34.944000
0.017880 34.944000
0.017892 34.944000
0.017904 34.216000
0.017916 34.944000
0.017928 34.944000
0.017940 34.944000
0.017952 34.944000
0.017964 34.944000
0.017976 34.216000
0.017988 34.216000
0.018000 34.216000
0.018012 34.944000
0.018024 34.216000
0.018036 34.216000
0.018048 33.488000
0.018060 34.216000
0.018072 33.488000
0.018084 33.488000
0.018096 34.216000
0.018108 33.488000
0.018120 34.216000
0.018132 33.488000
0.018144 34.216000
0.018156 33.488000
0.018168 33.488000
0.018180 33.488000
0.018192 34.216000
0.018204 33.488000
0.018216 34.216000
0.018228 33.488000
0.018240 34.216000
0.018252 32.760000
0.018264 33.488000
0.018276 34.216000
0.018288 33.488000
0.018300 33.488000
0.018312 34.216000
0.018324 33.488000
0.018336 34.216000
0.018348 34.216000
0.018360 33.488000
0.018372 34.216000
0.018384 33.488000
0.018396 34.216000
0.018408 33.488000
0.018420 34.216000
0.018432 34.216000
0.018444 33.488000
0.018456 34.216000
0.018468 33.488000
0.018480 34.944000
0.018492 33.488000
0.018504 33.488000
0.018516 33.488000
0.018528 32.760000
0.018540 33.488000
0.018552 33.488000
0.018564 33.488000
0.018576 32.760000
0.018588 34.216000
0.018600 33.488000
0.018612 32.760000
0.018624 33.488000
0.018636 32.760000
0.018648 32.760000
0.018660 34.216000
0.018672 32.760000
0.018684 32.760000
0.018696 32.760000
0.018708 33.488000
0.018720 32.760000
0.018732 32.760000
0.018744 32.760000
0.018756 32.760000
0.018768 32.760000
0.018780 32.760000
0.018792 32.760000
0.018804 33.488000
0.018816 32.760000
0.018828 33.488000
0.018840 32.760000
0.018852 33.488000
0.018864 32.760000
0.018876 33.488000
0.018888 32.760000
0.018900 32.760000
0.018912 33.488000
0.018924 32.760000
0.018936 33.488000
0.018948 32.760000
0.018960 32.760000
0.018972 32.760000
0.018984 32.760000
0.018996 32.760000
0.019008 33.488000
0.019020 32.760000
0.019032 32.760000
0.019044 32.760000
0.019056 32.760000
0.019068 32.760000
0.019080 32.760000
0.019092 32.760000
0.019104 32.032000
0.019116 33.488000
0.019128 32.032000
0.019140 32.760000
0.019152 32.760000
0.019164 32.760000
0.019176 32.760000
0.019188 32.032000
0.019200 32.032000
0.019212 32.760000
0.019224 32.760000
0.019236 32.032000
0.019248 32.760000
0.019260 32.032000
0.019272 32.032000
0.019284 32.760000
0.019296 32.032000
0.019308 31.304000
0.019320 32.760000
0.019332 31.304000
0.019344 32.032000
0.019356 32.032000
0.019368 31.304000
0.019380 31.304000
0.019392 32.032000
0.019404 31.304000
0.019416 31.304000
0.019428 31.304000
0.019440 31.304000
0.019452 32.032000
0.019464 31.304000
0.019476 31.304000
0.019488 31.304000
0.019500 32.032000
0.019512 32.032000
0.019524 31.304000
0.019536 32.032000
0.019548 31.304000
0.019560 32.032000
0.019572 31.304000
0.019584 31.304000
0.019596 32.032000
0.019608 31.304000
0.019620 31.304000
0.019632 31.304000
0.019644 32.032000
0.019656 31.304000
0.019668 32.032000
0.019680 31.304000
0.019692 32.032000
0.019704 32.032000
0.019716 31.304000
0.019728 31.304000
0.019740 32.032000
0.019752 31.304000
0.019764 31.304000
0.019776 32.032000
0.019788 31.304000
0.019800 32.032000
0.019812 31.304000
0.019824 32.032000
0.019836 31.304000
0.019848 32.032000
0.019860 31.304000
0.019872 32.032000
0.019884 32.032000
0.019896 31.304000
0.019908 32.032000
0.019920 31.304000
0.019932 32.032000
0.019944 32.032000
0.019956 31.304000
0.019968 31.304000
0.019980 30.576000
0.019992 31.304000
0.020004 30.576000
0.020016 30.576000
0.020028 30.576000
0.020040 30.576000
0.020052 31.304000
0.020064 29.848000
0.020076 30.576000
0.020088 30.576000
0.020100 29.848000
0.020112 30.576000
0.020124 29.848000
0.020136 30.576000
0.020148 29.848000
0.020160 30.576000
0.020172 29.848000
0.020184 30.576000
0.020196 29.848000
0.020208 29.848000
0.020220 29.848000
0.020232 30.576000
0.020244 29.848000
0.020256 30.576000
0.020268 29.848000
0.020280 29.120000
0.020292 29.848000
0.020304 29.848000
0.020316 30.576000
0.020328 29.848000
0.020340 29.848000
0.020352 29.848000
0.020364 29.848000
0.020376 30.576000
0.020388 29.848000
0.020400 29.848000
0.020412 29.848000
0.020424 29.848000
0.020436 29.848000
0.020448 29.120000
0.020460 29.848000
0.020472 29.848000
0.020484 29.120000
0.020496 29.848000
0.020508 29.848000
0.020520 29.848000
0.020532 29.120000
0.020544 29.120000
0.020556 29.848000
0.020568 29.120000
0.020580 29.848000
0.020592 29.848000
0.020604 29.120000
0.020616 29.848000
0.020628 29.120000
0.020640 29.848000
0.020652 29.848000
0.020664 29.848000
0.020676 28.392000
0.020688 30.576000
0.020700 29.120000
0.020712 29.848000
0.020724 29.120000
0.020736 29.120000
0.020748 29.848000
0.020760 29.120000
0.020772 29.848000
0.020784 29.120000
0.020796 29.120000
0.020808 29.848000
0.020820 29.120000
0.020832 29.120000
0.020844 29.848000
0.020856 29.120000
0.020868 29.120000
0.020880 28.392000
0.020892 29.120000
0.020904 28.392000
0.020916 28.392000
0.020928 28.392000
0.020940 28.392000
0.020952 29.120000
0.020964 28.392000
0.020976 28.392000
0.020988 28.392000
0.021000 28.392000
0.021012 28.392000
0.021024 27.664000
0.021036 28.392000
0.021048 27.664000
0.021060 27.664000
0.021072 28.392000
0.021084 28.392000
0.021096 27.664000
0.021108 28.392000
0.021120 27.664000
0.021132 27.664000
0.021144 28.392000
0.021156 27.664000
0.021168 26.936000
0.021180 27.664000
0.021192 27.664000
0.021204 26.936000
0.021216 26.936000
0.021228 27.664000
0.021240 27.664000
0.021252 27.664000
0.021264 27.664000
0.021276 27.664000
0.021288 27.664000
0.021300 27.664000
0.021312 27.664000
0.021324 27.664000
0.021336 28.392000
0.021348 27.664000
0.021360 28.392000
0.021372 27.664000
0.021384 27.664000
0.021396 27.664000
0.021408 27.664000
0.021420 27.664000
0.021432 27.664000
0.021444 28.392000
0.021456 27.664000
0.021468 27.664000
0.021480 28.392000
0.021492 27.664000
0.021504 27.664000
0.021516 27.664000
0.021528 27.664000
0.021540 26.936000
0.021552 27.664000
0.021564 27.664000
0.021576 27.664000
0.021588 26.936000
0.021600 28.392000
0.021612 26.936000
0.021624 27.664000
0.021636 27.664000
0.021648 27.664000
0.021660 27.664000
0.021672 27.664000
0.021684 27.664000
0.021696 27.664000
0.021708 27.664000
0.021720 27.664000
0.021732 27.664000
0.021744 26.936000
0.021756 27.664000
0.021768 26.936000
0.021780 27.664000
0.021792 26.936000
0.021804 26.936000
0.021816 26.936000
0.021828 27.664000
0.021840 26.936000
0.021852 27.664000
0.021864 27.664000
0.021876 27.664000
0.021888 28.392000
0.021900 28.392000
0.021912 28.392000
0.021924 27.664000
0.021936 27.664000
0.021948 28.392000
0.021960 27.664000
0.021972 27.664000
0.021984 27.664000
0.021996 28.392000
0.022008 27.664000
0.022020 27.664000
0.022032 27.664000
0.022044 27.664000
0.022056 27.664000
0.022068 27.664000
0.022080 28.392000
0.022092 28.392000
0.022104 27.664000
0.022116 28.392000
0.022128 27.664000
0.022140 28.392000
0.022152 28.392000
0.022164 27.664000
0.022176 28.392000
0.022188 27.664000
0.022200 28.392000
0.022212 28.392000
0.022224 27.664000
0.022236 28.392000
0.022248 28.392000
0.022260 28.392000
0.022272 28.392000
0.022284 28.392000
0.022296 28.392000
0.022308 27.664000
0.022320 28.392000
0.022332 28.392000
0.022344 28.392000
0.022356 27.664000
0.022368 28.392000
0.022380 27.664000
0.022392 28.392000
0.022404 28.392000
0.022416 27.664000
0.022428 28.392000
0.022440 28.392000
0.022452 28.392000
0.022464 27.664000
0.022476 27.664000
0.022488 28.392000
0.022500 28.392000
0.022512 27.664000
0.022524 28.392000
0.022536 27.664000
0.022548 28.392000
0.022560 28.392000
0.022572 28.392000
0.022584 27.664000
0.022596 28.392000
0.022608 28.392000
0.022620 28.392000
0.022632 27.664000
0.022644 28.392000
0.022656 27.664000
0.022668 27.664000
0.022680 27.664000
0.022692 28.392000
0.022704 26.936000
0.022716 28.392000
0.022728 27.664000
0.022740 28.392000
0.022752 27.664000
0.022764 28.392000
0.022776 27.664000
0.022788 27.664000
0.022800 28.392000
0.022812 28.392000
0.022824 28.392000
0.022836 28.392000
0.022848 27.664000
0.022860 29.120000
0.022872 28.392000
0.022884 27.664000
0.022896 28.392000
0.022908 28.392000
0.022920 28.392000
0.022932 28.392000
0.022944 27.664000
0.022956 28.392000
0.022968 28.392000
0.022980 28.392000
0.022992 28.392000
0.023004 27.664000
0.023016 28.392000
0.023028 28.392000
0.023040 29.120000
0.023052 29.120000
0.023064 28.392000
0.023076 28.392000
0.023088 28.392000
0.023100 28.392000
0.023112 28.392000
0.023124 28.392000
0.023136 27.664000
0.023148 28.392000
0.023160 27.664000
0.023172 27.664000
0.023184 27.664000
0.023196 28.392000
0.023208 27.664000
0.023220 27.664000
0.023232 27.664000
0.023244 28.392000
0.023256 27.664000
0.023268 27.664000
0.023280 28.392000
0.023292 27.664000
0.023304 27.664000
0.023316 26.936000
0.023328 27.664000
0.023340 27.664000
0.023352 26.936000
0.023364 27.664000
0.023376 26.936000
0.023388 27.664000
0.023400 27.664000
0.023412 27.664000
0.023424 27.664000
0.023436 26.936000
0.023448 27.664000
0.023460 26.936000
0.023472 26.936000
0.023484 26.936000
0.023496 26.936000
0.023508 26.936000
0.023520 26.936000
0.023532 26.208000
0.023544 26.936000
0.023556 26.936000
0.023568 25.480000
0.023580 26.936000
0.023592 26.208000
0.023604 26.936000
0.023616 26.208000
0.023628 25.480000
0.023640 26.208000
0.023652 26.208000
0.023664 26.936000
0.023676 26.208000
0.023688 26.208000
0.023700 26.208000
0.023712 26.208000
0.023724 25.480000
0.023736 26.208000
0.023748 26.936000
0.023760 26.208000
0.023772 26.936000
0.023784 26.936000
0.023796 26.936000
0.023808 26.936000
0.023820 26.208000
0.023832 26.936000
0.023844 26.936000
0.023856 26.208000
0.023868 26.936000
0.023880 26.936000
0.023892 26.208000
0.023904 26.208000
0.023916 26.208000
0.023928 26.936000
0.023940 26.208000
0.023952 25.480000
0.023964 26.936000
0.023976 25.480000
0.023988 26.208000
0.024000 26.208000
0.024012 26.208000
0.024024 26.208000
0.024036 26.208000
0.024048 26.208000
0.024060 26.208000
0.024072 26.208000
0.024084 26.208000
0.024096 26.208000
0.024108 26.208000
0.024120 26.936000
0.024132 26.208000
0.024144 26.936000
0.024156 26.208000
0.024168 26.936000
0.024180 26.208000
0.024192 26.936000
0.024204 26.208000
0.024216 26.208000
0.024228 26.208000
0.024240 26.208000
0.024252 26.208000
0.024264 26.208000
0.024276 26.208000
0.024288 26.208000
0.024300 26.936000
0.024312 26.208000
0.024324 26.208000
0.024336 26.208000
0.024348 26.208000
0.024360 26.936000
0.024372 26.936000
0.024384 26.208000
0.024396 27.664000
0.024408 26.936000
0.024420 26.936000
0.024432 26.208000
0.024444 26.936000
0.024456 26.208000
0.024468 26.936000
0.024480 26.936000
0.024492 26.208000
0.024504 26.936000
0.024516 26.208000
0.024528 26.936000
0.024540 26.208000
0.024552 26.936000
0.024564 26.936000
0.024576 26.936000
0.024588 26.936000
0.024600 26.936000
0.024612 26.936000
0.024624 26.936000
0.024636 26.936000
0.024648 26.208000
0.024660 26.936000
0.024672 26.936000
0.024684 26.208000
0.024696 26.208000
0.024708 26.208000
0.024720 26.936000
0.024732 26.208000
0.024744 26.208000
0.024756 26.208000
0.024768 26.208000
0.024780 26.936000
0.024792 26.208000
0.024804 26.208000
0.024816 26.208000
0.024828 26.936000
0.024840 26.936000
0.024852 26.208000
0.024864 26.208000
0.024876 26.208000
0.024888 26.208000
0.024900 26.208000
0.024912 26.936000
0.024924 25.480000
0.024936 26.936000
0.024948 26.208000
0.024960 26.936000
0.024972 26.208000
0.024984 26.936000
0.024996 26.936000
0.025008 26.936000
0.025020 26.936000
0.025032 26.208000
0.025044 26.936000
0.025056 26.936000
0.025068 26.208000
0.025080 26.936000
0.025092 26.936000
0.025104 26.208000
0.025116 26.936000
0.025128 26.208000
0.025140 26.936000
0.025152 26.936000
0.025164 26.208000
0.025176 26.208000
0.025188 26.936000
0.025200 26.936000
0.025212 26.936000
0.025224 26.208000
0.025236 26.936000
0.025248 26.208000
0.025260 26.936000
0.025272 26.936000
0.025284 26.208000
0.025296 26.936000
0.025308 26.936000
0.025320 26.936000
0.025332 26.208000
0.025344 26.936000
0.025356 26.208000
0.025368 26.936000
0.025380 26.208000
0.025392 26.936000
0.025404 26.208000
0.025416 26.208000
0.025428 26.936000
0.025440 26.208000
0.025452 26.208000
0.025464 26.936000
0.025476 26.208000
0.025488 26.936000
0.025500 26.208000
0.025512 26.208000
0.025524 26.936000
0.025536 26.208000
0.025548 26.208000
0.025560 26.208000
0.025572 26.208000
0.025584 26.936000
0.025596 26.936000
0.025608 26.936000
0.025620 26.936000
0.025632 26.936000
0.025644 26.936000
0.025656 26.936000
0.025668 27.664000
0.025680 26.936000
0.025692 26.936000
0.025704 26.936000
0.025716 27.664000
0.025728 27.664000
0.025740 27.664000
0.025752 26.936000
0.025764 27.664000
0.025776 26.936000
0.025788 27.664000
0.025800 27.664000
0.025812 26.936000
0.025824 27.664000
0.025836 27.664000
0.025848 27.664000
0.025860 27.664000
0.025872 26.936000
0.025884 27.664000
0.025896 26.936000
0.025908 27.664000
0.025920 26.936000
0.025932 26.936000
0.025944 27.664000
0.025956 26.936000
0.025968 27.664000
0.025980 27.664000
0.025992 27.664000
0.026004 27.664000
0.026016 27.664000
0.026028 26.936000
0.026040 27.664000
0.026052 26.936000
0.026064 27.664000
0.026076 27.664000
0.026088 26.936000
0.026100 27.664000
0.026112 26.208000
0.026124 26.936000
0.026136 26.936000
0.026148 27.664000
0.026160 26.208000
0.026172 26.936000
0.026184 26.208000
0.026196 26.936000
0.026208 26.208000
0.026220 26.936000
0.026232 26.936000
0.026244 26.208000
0.026256 26.208000
0.026268 26.208000
0.026280 26.936000
0.026292 26.208000
0.026304 26.208000
0.026316 26.208000
0.026328 26.208000
0.026340 26.208000
0.026352 26.936000
0.026364 26.208000
0.026376 26.936000
0.026388 26.208000
0.026400 26.208000
0.026412 26.208000
0.026424 26.208000
0.026436 26.208000
0.026448 26.208000
0.026460 26.936000
0.026472 26.208000
0.026484 26.208000
0.026496 26.208000
0.026508 26.208000
0.026520 25.480000
0.026532 26.936000
0.026544 25.480000
0.026556 26.208000
0.026568 26.208000
0.026580 25.480000
0.026592 26.208000
0.026604 26.208000
0.026616 25.480000
0.026628 26.208000
0.026640 25.480000
0.026652 26.208000
0.026664 26.208000
0.026676 25.480000
0.026688 25.480000
0.026700 26.208000
0.026712 25.480000
0.026724 25.480000
0.026736 25.480000
0.026748 25.480000
0.026760 25.480000
0.026772 26.208000
0.026784 25.480000
0.026796 25.480000
0.026808 25.480000
0.026820 25.480000
0.026832 26.208000
0.026844 25.480000
0.026856 26.208000
0.026868 25.480000
0.026880 25.480000
0.026892 25.480000
0.026904 26.208000
0.026916 25.480000
0.026928 26.208000
0.026940 26.208000
0.026952 26.208000
0.026964 25.480000
0.026976 25.480000
0.026988 26.208000
0.027000 25.480000
0.027012 26.208000
0.027024 26.208000
0.027036 26.208000
0.027048 25.480000
0.027060 26.208000
0.027072 26.208000
0.027084 26.208000
0.027096 25.480000
0.027108 26.208000
0.027120 26.208000
0.027132 26.208000
0.027144 25.480000
0.027156 26.208000
0.027168 25.480000
0.027180 26.208000
0.027192 26.208000
0.027204 26.208000
0.027216 26.208000
0.027228 26.208000
0.027240 26.936000
0.027252 26.208000
0.027264 26.208000
0.027276 26.936000
0.027288 26.208000
0.027300 26.208000
0.027312 26.208000
0.027324 26.208000
0.027336 26.208000
0.027348 26.208000
0.027360 25.480000
0.027372 26.208000
0.027384 26.208000
0.027396 25.480000
0.027408 26.208000
0.027420 26.208000
0.027432 25.480000
0.027444 25.480000
0.027456 25.480000
0.027468 26.208000
0.027480 26.208000
0.027492 25.480000
0.027504 25.480000
0.027516 25.480000
0.027528 25.480000
0.027540 26.208000
0.027552 26.208000
0.027564 25.480000
0.027576 25.480000
0.027588 26.208000
0.027600 26.208000
0.027612 25.480000
0.027624 26.208000
0.027636 25.480000
0.027648 26.208000
0.027660 26.208000
0.027672 26.208000
0.027684 25.480000
0.027696 26.208000
0.027708 25.480000
0.027720 26.208000
0.027732 26.208000
0.027744 26.208000
0.027756 26.208000
0.027768 26.208000
0.027780 26.208000
0.027792 25.480000
0.027804 26.208000
0.027816 26.208000
0.027828 25.480000
0.027840 26.208000
0.027852 26.208000
0.027864 26.208000
0.027876 26.208000
0.027888 26.208000
0.027900 26.208000
0.027912 26.208000
0.027924 26.208000
0.027936 26.208000
0.027948 26.936000
0.027960 26.208000
0.027972 26.208000
0.027984 26.936000
0.027996 26.936000
0.028008 26.208000
0.028020 26.936000
0.028032 26.208000
0.028044 26.208000
0.028056 26.936000
0.028068 26.208000
0.028080 26.936000
0.028092 25.480000
0.028104 26.936000
0.028116 25.480000
0.028128 26.208000
0.028140 26.208000
0.028152 26.208000
0.028164 25.480000
0.028176 25.480000
0.028188 26.208000
0.028200 26.208000
0.028212 26.208000
0.028224 26.936000
0.028236 26.208000
0.028248 25.480000
0.028260 26.208000
0.028272 25.480000
0.028284 25.480000
0.028296 25.480000
0.028308 25.480000
0.028320 25.480000
0.028332 26.208000
0.028344 25.480000
0.028356 25.480000
0.028368 25.480000
0.028380 26.208000
0.028392 25.480000
0.028404 25.480000
0.028416 25.480000
0.028428 24.752000
0.028440 25.480000
0.028452 25.480000
0.028464 25.480000
0.028476 25.480000
0.028488 25.480000
0.028500 24.752000
0.028512 25.480000
0.028524 25.480000
0.028536 25.480000
0.028548 24.752000
0.028560 25.480000
0.028572 24.752000
0.028584 25.480000
0.028596 25.480000
0.028608 25.480000
0.028620 24.752000
0.028632 25.480000
0.028644 25.480000
0.028656 25.480000
0.028668 25.480000
0.028680 25.480000
0.028692 25.480000
0.028704 26.208000
0.028716 24.752000
0.028728 26.208000
0.028740 25.480000
0.028752 25.480000
0.028764 25.480000
0.028776 25.480000
0.028788 25.480000
0.028800 26.208000
0.028812 25.480000
0.028824 26.208000
0.028836 25.480000
0.028848 26.208000
0.028860 25.480000
0.028872 25.480000
0.028884 25.480000
0.028896 26.208000
0.028908 24.752000
0.028920 26.208000
0.028932 25.480000
0.028944 25.480000
0.028956 25.480000
0.028968 25.480000
0.028980 25.480000
0.028992 25.480000
0.029004 25.480000
0.029016 24.752000
0.029028 25.480000
0.029040 24.752000
0.029052 25.480000
0.029064 25.480000
0.029076 24.752000
0.029088 25.480000
0.029100 24.024000
0.029112 25.480000
0.029124 25.480000
0.029136 25.480000
0.029148 24.752000
0.029160 24.752000
0.029172 26.208000
0.029184 24.752000
0.029196 25.480000
0.029208 24.752000
0.029220 25.480000
0.029232 25.480000
0.029244 24.752000
0.029256 24.752000
0.029268 24.752000
0.029280 24.024000
0.029292 24.752000
0.029304 24.752000
0.029316 24.024000
0.029328 24.752000
0.029340 24.024000
0.029352 24.752000
0.029364 24.024000
0.029376 24.752000
0.029388 24.024000
0.029400 24.024000
0.029412 24.752000
0.029424 24.752000
0.029436 24.024000
0.029448 24.752000
0.029460 24.024000
0.029472 24.752000
0.029484 24.752000
0.029496 24.024000
0.029508 24.752000
0.029520 24.024000
0.029532 24.752000
0.029544 24.024000
0.029556 24.024000
0.029568 24.024000
0.029580 24.024000
0.029592 24.752000
0.029604 24.024000
0.029616 24.024000
0.029628 24.752000
0.029640 24.752000
0.029652 24.024000
0.029664 24.024000
0.029676 24.024000
0.029688 24.752000
0.029700 24.024000
0.029712 24.752000
0.029724 24.752000
0.029736 24.024000
0.029748 24.752000
0.029760 24.024000
0.029772 24.752000
0.029784 24.752000
0.029796 24.752000
0.029808 24.024000
0.029820 24.752000
0.029832 24.024000
0.029844 24.752000
0.029856 24.752000
0.029868 24.752000
0.029880 24.024000
0.029892 24.752000
0.029904 24.752000
0.029916 24.752000
0.029928 24.024000
0.029940 24.752000
0.029952 24.752000
0.029964 24.024000
0.029976 24.752000
0.029988 24.752000
0.030000 24.024000
0.030012 24.752000
0.030024 24.752000
0.030036 24.752000
0.030048 24.024000
0.030060 24.752000
0.030072 24.752000
0.030084 24.752000
0.030096 24.752000
0.030108 24.752000
0.030120 24.752000
0.030132 24.024000
0.030144 24.752000
0.030156 24.752000
0.030168 24.752000
0.030180 24.752000
0.030192 24.752000
0.030204 24.752000
0.030216 24.752000
0.030228 24.752000
0.030240 24.752000
0.030252 25.480000
0.030264 24.024000
0.030276 24.752000
0.030288 24.024000
0.030300 24.752000
0.030312 24.752000
0.030324 24.752000
0.030336 24.024000
0.030348 24.752000
0.030360 24.024000
0.030372 24.752000
0.030384 24.024000
0.030396 24.752000
0.030408 24.024000
0.030420 24.024000
0.030432 24.024000
0.030444 24.024000
0.030456 24.024000
0.030468 24.752000
0.030480 24.024000
0.030492 24.024000
0.030504 24.024000
0.030516 24.752000
0.030528 24.024000
0.030540 24.752000
0.030552 24.752000
0.030564 24.752000
0.030576 24.024000
0.030588 24.752000
0.030600 24.752000
0.030612 25.480000
0.030624 24.752000
0.030636 24.752000
0.030648 24.752000
0.030660 24.752000
0.030672 25.480000
0.030684 24.752000
0.030696 24.752000
0.030708 25.480000
0.030720 24.752000
0.030732 25.480000
0.030744 25.480000
0.030756 25.480000
0.030768 25.480000
0.030780 26.208000
0.030792 25.480000
0.030804 25.480000
0.030816 26.208000
0.030828 25.480000
0.030840 26.208000
0.030852 25.480000
0.030864 25.480000
0.030876 26.208000
0.030888 25.480000
0.030900 25.480000
0.030912 25.480000
0.030924 24.752000
0.030936 25.480000
0.030948 25.480000
0.030960 25.480000
0.030972 25.480000
0.030984 24.752000
0.030996 24.752000
0.031008 25.480000
0.031020 24.752000
0.031032 25.480000
0.031044 24.752000
0.031056 24.024000
0.031068 24.752000
0.031080 24.752000
0.031092 24.752000
0.031104 24.024000
0.031116 24.752000
0.031128 24.024000
0.031140 24.752000
0.031152 24.024000
0.031164 24.024000
0.031176 24.752000
0.031188 24.024000
0.031200 24.752000
0.031212 24.024000
0.031224 24.752000
0.031236 24.024000
0.031248 24.752000
0.031260 24.752000
0.031272 24.024000
0.031284 24.752000
0.031296 24.752000
0.031308 24.024000
0.031320 24.752000
0.031332 24.752000
0.031344 24.752000
0.031356 24.024000
0.031368 24.752000
0.031380 24.752000
0.031392 24.752000
0.031404 24.752000
0.031416 24.752000
0.031428 24.024000
0.031440 24.024000
0.031452 24.024000
0.031464 24.024000
0.031476 24.752000
0.031488 23.296000
0.031500 24.752000
0.031512 24.024000
0.031524 24.024000
0.031536 24.024000
0.031548 24.024000
0.031560 24.024000
0.031572 24.024000
0.031584 24.024000
0.031596 23.296000
0.031608 24.024000
0.031620 24.024000
0.031632 23.296000
0.031644 24.024000
0.031656 24.024000
0.031668 23.296000
0.031680 24.024000
0.031692 24.024000
0.031704 24.024000
0.031716 23.296000
0.031728 24.024000
0.031740 23.296000
0.031752 24.024000
0.031764 23.296000
0.031776 23.296000
0.031788 23.296000
0.031800 23.296000
0.031812 23.296000
0.031824 23.296000
0.031836 23.296000
0.031848 23.296000
0.031860 23.296000
0.031872 23.296000
0.031884 22.568000
0.031896 22.568000
0.031908 22.568000
0.031920 23.296000
0.031932 21.840000
0.031944 23.296000
0.031956 21.840000
0.031968 22.568000
0.031980 22.568000
0.031992 21.840000
0.032004 22.568000
0.032016 22.568000
0.032028 21.840000
0.032040 21.840000
0.032052 21.840000
0.032064 21.840000
0.032076 21.840000
0.032088 21.840000
0.032100 22.568000
0.032112 21.112000
0.032124 21.840000
0.032136 21.840000
0.032148 21.840000
0.032160 21.840000
0.032172 21.840000
0.032184 22.568000
0.032196 21.840000
0.032208 22.568000
0.032220 21.840000
0.032232 21.840000
0.032244 22.568000
0.032256 21.840000
0.032268 21.840000
0.032280 21.840000
0.032292 21.840000
0.032304 21.840000
0.032316 21.840000
0.032328 21.840000
0.032340 22.568000
0.032352 21.840000
0.032364 22.568000
0.032376 21.840000
0.032388 22.568000
0.032400 21.840000
0.032412 21.840000
0.032424 21.840000
0.032436 21.840000
0.032448 21.840000
0.032460 21.112000
0.032472 21.840000
0.032484 21.840000
0.032496 21.840000
0.032508 21.840000
0.032520 21.840000
0.032532 21.840000
0.032544 21.112000
0.032556 21.840000
0.032568 21.840000
0.032580 21.840000
0.032592 21.112000
0.032604 21.840000
0.032616 21.840000
0.032628 21.840000
0.032640 21.840000
0.032652 21.840000
0.032664 21.840000
0.032676 21.840000
0.032688 21.840000
0.032700 21.840000
0.032712 21.840000
0.032724 21.840000
0.032736 22.568000
0.032748 21.840000
0.032760 22.568000
0.032772 21.840000
0.032784 22.568000
0.032796 22.568000
0.032808 21.840000
0.032820 22.568000
0.032832 22.568000
0.032844 22.568000
0.032856 22.568000
0.032868 22.568000
0.032880 22.568000
0.032892 22.568000
0.032904 22.568000
0.032916 22.568000
0.032928 22.568000
0.032940 23.296000
0.032952 22.568000
0.032964 23.296000
0.032976 22.568000
0.032988 22.568000
0.033000 23.296000
0.033012 22.568000
0.033024 23.296000
0.033036 22.568000
0.033048 23.296000
0.033060 22.568000
0.033072 23.296000
0.033084 23.296000
0.033096 22.568000
0.033108 23.296000
0.033120 23.296000
0.033132 23.296000
0.033144 23.296000
0.033156 23.296000
0.033168 23.296000
0.033180 24.024000
0.033192 23.296000
0.033204 23.296000
0.033216 23.296000
0.033228 24.024000
0.033240 24.024000
0.033252 23.296000
0.033264 24.024000
0.033276 23.296000
0.033288 23.296000
0.033300 24.024000
0.033312 23.296000
0.033324 24.024000
0.033336 23.296000
0.033348 24.024000
0.033360 23.296000
0.033372 23.296000
0.033384 24.024000
0.033396 24.024000
0.033408 23.296000
0.033420 24.024000
0.033432 24.024000
0.033444 24.024000
0.033456 24.752000
0.033468 23.296000
0.033480 24.752000
0.033492 24.024000
0.033504 24.752000
0.033516 24.024000
0.033528 24.752000
0.033540 24.024000
0.033552 24.752000
0.033564 24.024000
0.033576 24.752000
0.033588 24.024000
0.033600 24.024000
0.033612 24.024000
0.033624 24.752000
0.033636 24.024000
0.033648 24.024000
0.033660 24.024000
0.033672 24.024000
0.033684 24.024000
0.033696 24.752000
0.033708 24.752000
0.033720 24.024000
0.033732 25.480000
0.033744 24.752000
0.033756 24.752000
0.033768 25.480000
0.033780 24.752000
0.033792 25.480000
0.033804 24.752000
0.033816 25.480000
0.033828 25.480000
0.033840 24.752000
0.033852 25.480000
0.033864 25.480000
0.033876 25.480000
0.033888 25.480000
0.033900 26.208000
0.033912 24.752000
0.033924 26.208000
0.033936 25.480000
0.033948 26.208000
0.033960 25.480000
0.033972 25.480000
0.033984 26.208000
0.033996 26.208000
0.034008 26.208000
0.034020 26.208000
0.034032 26.208000
0.034044 26.208000
0.034056 26.208000
0.034068 26.936000
0.034080 26.208000
0.034092 26.208000
0.034104 26.208000
0.034116 26.936000
0.034128 26.936000
0.034140 26.208000
0.034152 26.936000
0.034164 26.936000
0.034176 26.208000
0.034188 26.936000
0.034200 27.664000
0.034212 26.936000
0.034224 26.936000
0.034236 26.936000
0.034248 26.936000
0.034260 26.936000
0.034272 27.664000
0.034284 26.936000
0.034296 26.936000
0.034308 26.208000
0.034320 27.664000
0.034332 26.208000
0.034344 27.664000
0.034356 26.936000
0.034368 27.664000
0.034380 26.936000
0.034392 26.936000
0.034404 26.936000
0.034416 26.936000
0.034428 26.936000
0.034440 26.936000
0.034452 26.208000
0.034464 26.936000
0.034476 26.936000
0.034488 26.936000
0.034500 26.936000
0.034512 26.936000
0.034524 26.936000
0.034536 26.936000
0.034548 26.936000
0.034560 26.936000
0.034572 26.936000
0.034584 26.936000
0.034596 26.936000
0.034608 27.664000
0.034620 26.936000
0.034632 26.936000
0.034644 26.936000
0.034656 26.208000
0.034668 26.936000
0.034680 26.208000
0.034692 26.208000
0.034704 26.936000
0.034716 26.208000
0.034728 26.208000
0.034740 26.936000
0.034752 26.208000
0.034764 26.936000
0.034776 26.936000
0.034788 26.208000
0.034800 26.936000
0.034812 26.936000
0.034824 26.936000
0.034836 26.208000
0.034848 26.936000
0.034860 26.208000
0.034872 26.936000
0.034884 26.936000
0.034896 26.936000
0.034908 26.208000
0.034920 26.936000
0.034932 26.936000
0.034944 26.936000
0.034956 26.208000
0.034968 26.936000
0.034980 26.936000
0.034992 26.936000
0.035004 26.208000
0.035016 26.208000
0.035028 26.208000
0.035040 26.936000
0.035052 26.208000
0.035064 26.208000
0.035076 26.936000
0.035088 26.208000
0.035100 26.936000
0.035112 26.936000
0.035124 26.936000
0.035136 26.936000
0.035148 26.936000
0.035160 26.936000
0.035172 26.208000
0.035184 27.664000
0.035196 26.936000
0.035208 26.936000
0.035220 26.936000
0.035232 26.936000
0.035244 26.936000
0.035256 26.936000
0.035268 27.664000
0.035280 26.936000
0.035292 27.664000
0.035304 26.936000
0.035316 27.664000
0.035328 26.936000
0.035340 27.664000
0.035352 27.664000
0.035364 27.664000
0.035376 27.664000
0.035388 26.936000
0.035400 28.392000
0.035412 27.664000
0.035424 26.936000
0.035436 27.664000
0.035448 26.936000
0.035460 28.392000
0.035472 27.664000
0.035484 26.936000
0.035496 27.664000
0.035508 27.664000
0.035520 27.664000
0.035532 27.664000
0.035544 27.664000
0.035556 27.664000
0.035568 26.936000
0.035580 27.664000
0.035592 28.392000
0.035604 27.664000
0.035616 27.664000
0.035628 27.664000
0.035640 28.392000
0.035652 27.664000
0.035664 28.392000
0.035676 27.664000
0.035688 27.664000
0.035700 28.392000
0.035712 28.392000
0.035724 27.664000
0.035736 27.664000
0.035748 28.392000
0.035760 27.664000
0.035772 28.392000
0.035784 27.664000
0.035796 27.664000
0.035808 28.392000
0.035820 27.664000
0.035832 27.664000
0.035844 27.664000
0.035856 27.664000
0.035868 27.664000
0.035880 27.664000
0.035892 27.664000
0.035904 27.664000
0.035916 28.392000
0.035928 27.664000
0.035940 27.664000
0.035952 27.664000
0.035964 28.392000
0.035976 28.392000
0.035988 27.664000
0.036000 28.392000
0.036012 27.664000
0.036024 28.392000
0.036036 28.392000
0.036048 27.664000
0.036060 28.392000
0.036072 28.392000
0.036084 28.392000
0.036096 28.392000
0.036108 28.392000
0.036120 28.392000
0.036132 28.392000
0.036144 28.392000
0.036156 28.392000
0.036168 28.392000
0.036180 28.392000
0.036192 28.392000
0.036204 28.392000
0.036216 27.664000
0.036228 28.392000
0.036240 28.392000
0.036252 28.392000
0.036264 27.664000
0.036276 29.120000
0.036288 28.392000
0.036300 28.392000
0.036312 27.664000
0.036324 29.120000
0.036336 28.392000
0.036348 28.392000
0.036360 27.664000
0.036372 28.392000
0.036384 28.392000
0.036396 27.664000
0.036408 27.664000
0.036420 28.392000
0.036432 28.392000
0.036444 27.664000
0.036456 28.392000
0.036468 28.392000
0.036480 27.664000
0.036492 27.664000
0.036504 27.664000
0.036516 28.392000
0.036528 27.664000
0.036540 27.664000
0.036552 27.664000
0.036564 28.392000
0.036576 26.936000
0.036588 28.392000
0.036600 26.936000
0.036612 27.664000
0.036624 26.936000
0.036636 27.664000
0.036648 26.936000
0.036660 27.664000
0.036672 27.664000
0.036684 27.664000
0.036696 27.664000
0.036708 28.392000
0.036720 28.392000
0.036732 28.392000
0.036744 28.392000
0.036756 27.664000
0.036768 28.392000
0.036780 27.664000
0.036792 27.664000
0.036804 28.392000
0.036816 27.664000
0.036828 27.664000
0.036840 27.664000
0.036852 27.664000
0.036864 26.936000
0.036876 27.664000
0.036888 27.664000
0.036900 27.664000
0.036912 26.936000
0.036924 27.664000
0.036936 27.664000
0.036948 28.392000
0.036960 27.664000
0.036972 26.936000
0.036984 28.392000
0.036996 26.936000
0.037008 27.664000
0.037020 27.664000
0.037032 27.664000
0.037044 26.936000
0.037056 26.936000
0.037068 26.936000
0.037080 26.936000
0.037092 27.664000
0.037104 26.936000
0.037116 27.664000
0.037128 26.936000
0.037140 26.936000
0.037152 27.664000
0.037164 26.936000
0.037176 27.664000
0.037188 26.936000
0.037200 26.936000
0.037212 26.936000
0.037224 26.936000
0.037236 26.936000
0.037248 26.936000
0.037260 26.936000
0.037272 26.936000
0.037284 26.936000
0.037296 26.936000
0.037308 26.936000
0.037320 26.936000
0.037332 27.664000
0.037344 26.936000
0.037356 26.936000
0.037368 26.936000
0.037380 27.664000
0.037392 27.664000
0.037404 26.936000
0.037416 27.664000
0.037428 26.936000
0.037440 27.664000
0.037452 27.664000
0.037464 27.664000
0.037476 27.664000
0.037488 26.936000
0.037500 27.664000
0.037512 26.208000
0.037524 27.664000
0.037536 26.208000
0.037548 26.936000
0.037560 26.936000
0.037572 26.936000
0.037584 27.664000
0.037596 26.936000
0.037608 27.664000
0.037620 26.936000
0.037632 26.936000
0.037644 27.664000
0.037656 26.936000
0.037668 26.208000
0.037680 27.664000
0.037692 26.936000
0.037704 27.664000
0.037716 26.208000
0.037728 26.936000
0.037740 26.936000
0.037752 26.936000
0.037764 26.936000
0.037776 26.936000
0.037788 26.936000
0.037800 26.936000
0.037812 26.208000
0.037824 26.208000
0.037836 26.936000
0.037848 26.208000
0.037860 26.936000
0.037872 26.208000
0.037884 26.936000
0.037896 26.208000
0.037908 26.936000
0.037920 26.208000
0.037932 26.936000
0.037944 26.936000
0.037956 26.208000
0.037968 26.208000
0.037980 26.936000
0.037992 26.936000
0.038004 26.208000
0.038016 26.936000
0.038028 26.208000
0.038040 26.936000
0.038052 26.208000
0.038064 26.208000
0.038076 26.936000
0.038088 26.208000
0.038100 26.208000
0.038112 26.936000
0.038124 26.936000
0.038136 26.208000
0.038148 26.936000
0.038160 26.936000
0.038172 26.208000
0.038184 26.936000
0.038196 26.936000
0.038208 26.936000
0.038220 26.208000
0.038232 26.936000
0.038244 26.936000
0.038256 26.936000
0.038268 26.208000
0.038280 26.936000
0.038292 26.936000
0.038304 26.936000
0.038316 26.936000
0.038328 26.936000
0.038340 26.936000
0.038352 26.936000
0.038364 26.936000
0.038376 26.936000
0.038388 26.936000
0.038400 26.936000
0.038412 26.936000
0.038424 27.664000
0.038436 26.936000
0.038448 26.936000
0.038460 27.664000
0.038472 26.208000
0.038484 26.936000
0.038496 26.936000
0.038508 27.664000
0.038520 26.936000
0.038532 26.936000
0.038544 26.936000
0.038556 26.936000
0.038568 26.208000
0.038580 26.936000
0.038592 26.936000
0.038604 26.936000
0.038616 26.936000
0.038628 26.936000
0.038640 26.936000
0.038652 26.936000
0.038664 26.936000
0.038676 26.208000
0.038688 27.664000
0.038700 26.936000
0.038712 27.664000
0.038724 27.664000
0.038736 26.936000
0.038748 26.936000
0.038760 27.664000
0.038772 26.936000
0.038784 27.664000
0.038796 26.936000
0.038808 26.936000
0.038820 26.936000
0.038832 28.392000
0.038844 26.936000
0.038856 28.392000
0.038868 27.664000
0.038880 27.664000
0.038892 28.392000
0.038904 26.936000
0.038916 28.392000
0.038928 27.664000
0.038940 28.392000
0.038952 27.664000
0.038964 27.664000
0.038976 28.392000
0.038988 27.664000
0.039000 27.664000
0.039012 28.392000
0.039024 27.664000
0.039036 27.664000
0.039048 28.392000
0.039060 27.664000
0.039072 27.664000
0.039084 27.664000
0.039096 28.392000
0.039108 27.664000
0.039120 28.392000
0.039132 27.664000
0.039144 28.392000
0.039156 28.392000
0.039168 27.664000
0.039180 28.392000
0.039192 28.392000
0.039204 27.664000
0.039216 28.392000
0.039228 29.120000
0.039240 28.392000
0.039252 28.392000
0.039264 29.120000
0.039276 29.120000
0.039288 29.848000
0.039300 29.120000
0.039312 29.120000
0.039324 29.120000
0.039336 29.120000
0.039348 29.848000
0.039360 29.120000
0.039372 29.120000
0.039384 29.848000
0.039396 29.848000
0.039408 29.848000
0.039420 29.848000
0.039432 29.848000
0.039444 29.848000
0.039456 29.848000
0.039468 30.576000
0.039480 29.848000
0.039492 29.848000
0.039504 30.576000
0.039516 30.576000
0.039528 29.848000
0.039540 29.848000
0.039552 29.848000
0.039564 29.848000
0.039576 29.848000
0.039588 29.848000
0.039600 29.848000
0.039612 29.120000
0.039624 29.120000
0.039636 29.848000
0.039648 29.848000
0.039660 29.848000
0.039672 29.120000
0.039684 29.848000
0.039696 29.848000
0.039708 29.848000
0.039720 29.120000
0.039732 29.848000
0.039744 29.848000
0.039756 29.848000
0.039768 29.120000
0.039780 29.120000
0.039792 29.848000
0.039804 29.120000
0.039816 30.576000
0.039828 29.120000
0.039840 29.848000
0.039852 29.848000
0.039864 29.848000
0.039876 29.120000
0.039888 29.848000
0.039900 29.120000
0.039912 29.848000
0.039924 29.120000
0.039936 29.120000
0.039948 29.848000
0.039960 29.120000
0.039972 30.576000
0.039984 29.848000
0.039996 29.848000
0.040008 29.848000
0.040020 29.848000
0.040032 29.848000
0.040044 29.120000
0.040056 29.848000
0.040068 29.848000
0.040080 29.848000
0.040092 29.848000
0.040104 29.848000
0.040116 29.848000
0.040128 29.848000
0.040140 29.848000
0.040152 30.576000
0.040164 29.848000
0.040176 30.576000
0.040188 29.848000
0.040200 30.576000
0.040212 29.848000
0.040224 29.848000
0.040236 30.576000
0.040248 30.576000
0.040260 30.576000
0.040272 30.576000
0.040284 30.576000
0.040296 29.848000
0.040308 30.576000
0.040320 29.848000
0.040332 31.304000
0.040344 29.848000
0.040356 30.576000
0.040368 30.576000
0.040380 29.848000
0.040392 30.576000
0.040404 29.848000
0.040416 30.576000
0.040428 29.848000
0.040440 29.848000
0.040452 30.576000
0.040464 29.848000
0.040476 29.848000
0.040488 30.576000
0.040500 29.848000
0.040512 30.576000
0.040524 29.848000
0.040536 30.576000
0.040548 29.848000
0.040560 29.848000
0.040572 30.576000
0.040584 30.576000
0.040596 29.120000
0.040608 31.304000
0.040620 29.848000
0.040632 30.576000
0.040644 30.576000
0.040656 30.576000
0.040668 29.848000
0.040680 30.576000
0.040692 30.576000
0.040704 30.576000
0.040716 30.576000
0.040728 30.576000
0.040740 30.576000
0.040752 30.576000
0.040764 29.848000
0.040776 31.304000
0.040788 30.576000
0.040800 29.848000
0.040812 30.576000
0.040824 29.848000
0.040836 30.576000
0.040848 30.576000
0.040860 29.848000
0.040872 29.848000
0.040884 30.576000
0.040896 30.576000
0.040908 29.848000
0.040920 30.576000
0.040932 29.848000
0.040944 30.576000
0.040956 29.848000
0.040968 29.848000
0.040980 30.576000
0.040992 29.848000
0.041004 30.576000
0.041016 29.848000
0.041028 29.848000
0.041040 29.848000
0.041052 29.848000
0.041064 30.576000
0.041076 29.120000
0.041088 30.576000
0.041100 29.848000
0.041112 29.848000
0.041124 30.576000
0.041136 29.848000
0.041148 30.576000
0.041160 30.576000
0.041172 30.576000
0.041184 29.848000
0.041196 30.576000
0.041208 29.848000
0.041220 30.576000
0.041232 30.576000
0.041244 29.848000
0.041256 30.576000
0.041268 30.576000
0.041280 29.848000
0.041292 30.576000
0.041304 30.576000
0.041316 30.576000
0.041328 30.576000
0.041340 29.848000
0.041352 30.576000
0.041364 30.576000
0.041376 29.848000
0.041388 30.576000
0.041400 30.576000
0.041412 30.576000
0.041424 29.848000
0.041436 30.576000
0.041448 31.304000
0.041460 30.576000
0.041472 30.576000
0.041484 29.848000
0.041496 30.576000
0.041508 30.576000
0.041520 29.848000
0.041532 30.576000
0.041544 30.576000
0.041556 29.848000
0.041568 30.576000
0.041580 30.576000
0.041592 30.576000
0.041604 29.848000
0.041616 31.304000
0.041628 30.576000
0.041640 30.576000
0.041652 30.576000
0.041664 31.304000
0.041676 30.576000
0.041688 31.304000
0.041700 30.576000
0.041712 31.304000
0.041724 30.576000
0.041736 31.304000
0.041748 31.304000
0.041760 30.576000
0.041772 31.304000
0.041784 31.304000
0.041796 30.576000
0.041808 32.032000
0.041820 32.032000
0.041832 31.304000
0.041844 31.304000
0.041856 32.032000
0.041868 32.032000
0.041880 31.304000
0.041892 32.032000
0.041904 32.032000
0.041916 32.760000
0.041928 31.304000
0.041940 32.760000
0.041952 32.032000
0.041964 31.304000
0.041976 31.304000
0.041988 32.760000
0.042000 32.032000
0.042012 32.032000
0.042024 32.032000
0.042036 32.032000
0.042048 31.304000
0.042060 32.032000
0.042072 32.032000
0.042084 32.032000
0.042096 32.032000
0.042108 31.304000
0.042120 32.032000
0.042132 32.032000
0.042144 31.304000
0.042156 31.304000
0.042168 32.032000
0.042180 32.032000
0.042192 31.304000
0.042204 32.032000
0.042216 32.760000
0.042228 31.304000
0.042240 32.032000
0.042252 32.032000
0.042264 32.032000
0.042276 32.032000
0.042288 32.760000
0.042300 32.032000
0.042312 32.760000
0.042324 32.032000
0.042336 32.760000
0.042348 32.760000
0.042360 32.032000
0.042372 32.760000
0.042384 32.760000
0.042396 32.760000
0.042408 32.032000
0.042420 32.032000
0.042432 32.760000
0.042444 32.760000
0.042456 32.760000
0.042468 32.760000
0.042480 32.760000
0.042492 33.488000
0.042504 32.760000
0.042516 33.488000
0.042528 32.760000
0.042540 33.488000
0.042552 34.216000
0.042564 32.760000
0.042576 33.488000
0.042588 33.488000
0.042600 32.760000
0.042612 33.488000
0.042624 33.488000
0.042636 33.488000
0.042648 33.488000
0.042660 33.488000
0.042672 34.216000
0.042684 33.488000
0.042696 33.488000
0.042708 34.216000
0.042720 33.488000
0.042732 33.488000
0.042744 33.488000
0.042756 33.488000
0.042768 34.216000
0.042780 32.760000
0.042792 34.216000
0.042804 33.488000
0.042816 34.216000
0.042828 33.488000
0.042840 33.488000
0.042852 34.216000
0.042864 34.216000
0.042876 34.216000
0.042888 33.488000
0.042900 33.488000
0.042912 34.216000
0.042924 34.216000
0.042936 34.216000
0.042948 33.488000
0.042960 33.488000
0.042972 34.216000
0.042984 32.760000
0.042996 34.216000
0.043008 32.760000
0.043020 33.488000
0.043032 33.488000
0.043044 33.488000
0.043056 32.760000
0.043068 33.488000
0.043080 32.760000
0.043092 33.488000
0.043104 32.760000
0.043116 33.488000
0.043128 33.488000
0.043140 33.488000
0.043152 33.488000
0.043164 32.760000
0.043176 33.488000
0.043188 32.760000
0.043200 32.032000
0.043212 33.488000
0.043224 32.760000
0.043236 32.760000
0.043248 33.488000
0.043260 33.488000
0.043272 33.488000
0.043284 32.760000
0.043296 33.488000
0.043308 33.488000
0.043320 34.216000
0.043332 33.488000
0.043344 34.216000
0.043356 33.488000
0.043368 33.488000
0.043380 33.488000
0.043392 34.216000
0.043404 33.488000
0.043416 33.488000
0.043428 33.488000
0.043440 34.216000
0.043452 34.216000
0.043464 34.216000
0.043476 33.488000
0.043488 34.216000
0.043500 34.216000
0.043512 33.488000
0.043524 33.488000
0.043536 34.216000
0.043548 33.488000
0.043560 34.216000
0.043572 32.760000
0.043584 34.216000
0.043596 33.488000
0.043608 34.216000
0.043620 33.488000
0.043632 34.216000
0.043644 33.488000
0.043656 34.216000
0.043668 33.488000
0.043680 33.488000
0.043692 33.488000
0.043704 34.216000
0.043716 33.488000
0.043728 33.488000
0.043740 34.216000
0.043752 34.216000
0.043764 34.216000
0.043776 34.216000
0.043788 33.488000
0.043800 33.488000
0.043812 34.216000
0.043824 34.216000
0.043836 33.488000
0.043848 34.216000
0.043860 32.760000
0.043872 34.216000
0.043884 33.488000
0.043896 34.216000
0.043908 33.488000
0.043920 33.488000
0.043932 34.216000
0.043944 33.488000
0.043956 33.488000
0.043968 33.488000
0.043980 34.216000
0.043992 33.488000
0.044004 34.216000
0.044016 33.488000
0.044028 34.216000
0.044040 33.488000
0.044052 34.944000
0.044064 34.216000
0.044076 34.944000
0.044088 34.944000
0.044100 34.216000
0.044112 34.944000
0.044124 35.672000
0.044136 34.944000
0.044148 35.672000
0.044160 35.672000
0.044172 35.672000
0.044184 34.944000
0.044196 35.672000
0.044208 35.672000
0.044220 35.672000
0.044232 34.216000
0.044244 35.672000
0.044256 34.944000
0.044268 34.944000
0.044280 35.672000
0.044292 35.672000
0.044304 34.944000
0.044316 34.944000
0.044328 34.944000
0.044340 34.944000
0.044352 34.944000
0.044364 35.672000
0.044376 34.944000
0.044388 34.944000
0.044400 35.672000
0.044412 35.672000
0.044424 35.672000
0.044436 35.672000
0.044448 35.672000
0.044460 36.400000
0.044472 35.672000
0.044484 36.400000
0.044496 35.672000
0.044508 34.944000
0.044520 35.672000
0.044532 35.672000
0.044544 35.672000
0.044556 34.944000
0.044568 35.672000
0.044580 34.216000
0.044592 35.672000
0.044604 34.944000
0.044616 34.944000
0.044628 34.944000
0.044640 34.216000
0.044652 34.944000
0.044664 34.216000
0.044676 34.944000
0.044688 34.216000
0.044700 34.216000
0.044712 34.944000
0.044724 35.672000
0.044736 34.944000
0.044748 34.944000
0.044760 35.672000
0.044772 34.944000
0.044784 34.216000
0.044796 35.672000
0.044808 34.944000
0.044820 35.672000
0.044832 34.944000
0.044844 34.944000
0.044856 34.944000
0.044868 34.944000
0.044880 35.672000
