#Time(s)	Thru(Gbps)
0.000012 0.000000
0.000024 0.000000
0.000036 0.000000
0.000048 0.000000
0.000060 0.000000
0.000072 0.000000
0.000084 0.000000
0.000096 0.000000
0.000108 0.000000
0.000120 0.000000
0.000132 0.000000
0.000144 0.000000
0.000156 0.000000
0.000168 0.000000
0.000180 0.000000
0.000192 0.000000
0.000204 0.000000
0.000216 0.000000
0.000228 0.000000
0.000240 0.000000
0.000252 0.000000
0.000264 0.000000
0.000276 0.000000
0.000288 0.000000
0.000300 0.000000
0.000312 0.000000
0.000324 0.000000
0.000336 0.000000
0.000348 0.000000
0.000360 0.000000
0.000372 0.000000
0.000384 0.000000
0.000396 0.000000
0.000408 0.000000
0.000420 0.000000
0.000432 0.000000
0.000444 0.000000
0.000456 0.000000
0.000468 0.000000
0.000480 0.000000
0.000492 0.000000
0.000504 0.000000
0.000516 0.000000
0.000528 0.000000
0.000540 0.000000
0.000552 0.000000
0.000564 0.000000
0.000576 0.000000
0.000588 0.000000
0.000600 0.000000
0.000612 0.000000
0.000624 0.000000
0.000636 0.000000
0.000648 0.000000
0.000660 0.000000
0.000672 0.000000
0.000684 0.000000
0.000696 0.000000
0.000708 0.000000
0.000720 0.000000
0.000732 0.000000
0.000744 0.000000
0.000756 0.000000
0.000768 0.000000
0.000780 0.000000
0.000792 0.000000
0.000804 0.000000
0.000816 0.000000
0.000828 0.000000
0.000840 0.000000
0.000852 0.000000
0.000864 0.000000
0.000876 0.000000
0.000888 0.000000
0.000900 0.000000
0.000912 0.000000
0.000924 0.000000
0.000936 0.000000
0.000948 0.000000
0.000960 0.000000
0.000972 0.000000
0.000984 0.000000
0.000996 0.000000
0.001008 40.040000
0.001020 94.640000
0.001032 93.912000
0.001044 96.096000
0.001056 94.640000
0.001068 94.640000
0.001080 95.368000
0.001092 95.368000
0.001104 94.640000
0.001116 95.368000
0.001128 94.640000
0.001140 95.368000
0.001152 95.368000
0.001164 94.640000
0.001176 95.368000
0.001188 94.640000
0.001200 95.368000
0.001212 94.640000
0.001224 95.368000
0.001236 95.368000
0.001248 94.640000
0.001260 95.368000
0.001272 94.640000
0.001284 95.368000
0.001296 95.368000
0.001308 94.640000
0.001320 95.368000
0.001332 94.640000
0.001344 95.368000
0.001356 94.640000
0.001368 95.368000
0.001380 94.640000
0.001392 95.368000
0.001404 94.640000
0.001416 95.368000
0.001428 95.368000
0.001440 94.640000
0.001452 95.368000
0.001464 95.368000
0.001476 94.640000
0.001488 95.368000
0.001500 94.640000
0.001512 95.368000
0.001524 95.368000
0.001536 94.640000
0.001548 94.640000
0.001560 95.368000
0.001572 94.640000
0.001584 95.368000
0.001596 95.368000
0.001608 94.640000
0.001620 95.368000
0.001632 95.368000
0.001644 94.640000
0.001656 94.640000
0.001668 95.368000
0.001680 95.368000
0.001692 94.640000
0.001704 95.368000
0.001716 94.640000
0.001728 95.368000
0.001740 95.368000
0.001752 94.640000
0.001764 95.368000
0.001776 94.640000
0.001788 95.368000
0.001800 94.640000
0.001812 95.368000
0.001824 95.368000
0.001836 94.640000
0.001848 95.368000
0.001860 94.640000
0.001872 95.368000
0.001884 95.368000
0.001896 94.640000
0.001908 95.368000
0.001920 94.640000
0.001932 95.368000
0.001944 94.640000
0.001956 95.368000
0.001968 94.640000
0.001980 95.368000
0.001992 94.640000
0.002004 92.456000
0.002016 48.776000
0.002028 41.496000
0.002040 45.864000
0.002052 50.232000
0.002064 45.136000
0.002076 50.232000
0.002088 48.776000
0.002100 47.320000
0.002112 49.504000
0.002124 48.048000
0.002136 48.776000
0.002148 48.048000
0.002160 48.776000
0.002172 48.776000
0.002184 48.048000
0.002196 48.776000
0.002208 48.048000
0.002220 48.776000
0.002232 48.048000
0.002244 48.776000
0.002256 48.048000
0.002268 48.048000
0.002280 48.776000
0.002292 48.048000
0.002304 48.776000
0.002316 48.776000
0.002328 48.048000
0.002340 48.776000
0.002352 48.048000
0.002364 48.776000
0.002376 48.048000
0.002388 48.776000
0.002400 48.048000
0.002412 48.776000
0.002424 48.048000
0.002436 48.776000
0.002448 48.048000
0.002460 48.776000
0.002472 48.048000
0.002484 48.776000
0.002496 48.048000
0.002508 48.776000
0.002520 48.048000
0.002532 48.776000
0.002544 48.776000
0.002556 48.048000
0.002568 48.776000
0.002580 48.048000
0.002592 48.776000
0.002604 48.048000
0.002616 48.776000
0.002628 48.048000
0.002640 48.776000
0.002652 48.048000
0.002664 48.776000
0.002676 48.048000
0.002688 48.776000
0.002700 48.048000
0.002712 48.776000
0.002724 48.048000
0.002736 48.776000
0.002748 48.776000
0.002760 48.776000
0.002772 48.048000
0.002784 48.776000
0.002796 48.048000
0.002808 48.776000
0.002820 48.048000
0.002832 48.776000
0.002844 48.048000
0.002856 48.776000
0.002868 48.048000
0.002880 48.776000
0.002892 48.048000
0.002904 48.776000
0.002916 48.048000
0.002928 48.776000
0.002940 48.048000
0.002952 48.776000
0.002964 48.776000
0.002976 48.048000
0.002988 48.776000
0.003000 48.048000
0.003012 31.304000
0.003024 21.112000
0.003036 18.200000
0.003048 22.568000
0.003060 21.112000
0.003072 21.112000
0.003084 22.568000
0.003096 20.384000
0.003108 22.568000
0.003120 21.840000
0.003132 21.840000
0.003144 22.568000
0.003156 22.568000
0.003168 22.568000
0.003180 22.568000
0.003192 23.296000
0.003204 23.296000
0.003216 22.568000
0.003228 23.296000
0.003240 23.296000
0.003252 23.296000
0.003264 24.024000
0.003276 23.296000
0.003288 23.296000
0.003300 23.296000
0.003312 24.024000
0.003324 24.024000
0.003336 23.296000
0.003348 24.024000
0.003360 23.296000
0.003372 24.024000
0.003384 24.024000
0.003396 23.296000
0.003408 23.296000
0.003420 24.024000
0.003432 23.296000
0.003444 24.024000
0.003456 24.024000
0.003468 24.024000
0.003480 24.024000
0.003492 24.024000
0.003504 24.024000
0.003516 24.024000
0.003528 24.024000
0.003540 24.024000
0.003552 24.024000
0.003564 24.024000
0.003576 24.752000
0.003588 24.024000
0.003600 24.752000
0.003612 24.024000
0.003624 24.752000
0.003636 24.024000
0.003648 24.752000
0.003660 24.752000
0.003672 24.752000
0.003684 24.752000
0.003696 24.752000
0.003708 24.752000
0.003720 24.024000
0.003732 24.752000
0.003744 24.752000
0.003756 24.752000
0.003768 24.752000
0.003780 24.752000
0.003792 24.024000
0.003804 24.752000
0.003816 25.480000
0.003828 24.752000
0.003840 24.752000
0.003852 24.752000
0.003864 25.480000
0.003876 25.480000
0.003888 24.752000
0.003900 25.480000
0.003912 24.752000
0.003924 25.480000
0.003936 25.480000
0.003948 25.480000
0.003960 25.480000
0.003972 25.480000
0.003984 25.480000
0.003996 25.480000
0.004008 20.384000
0.004020 12.376000
0.004032 11.648000
0.004044 13.832000
0.004056 14.560000
0.004068 12.376000
0.004080 14.560000
0.004092 13.832000
0.004104 14.560000
0.004116 14.560000
0.004128 14.560000
0.004140 14.560000
0.004152 14.560000
0.004164 14.560000
0.004176 15.288000
0.004188 14.560000
0.004200 14.560000
0.004212 15.288000
0.004224 14.560000
0.004236 15.288000
0.004248 14.560000
0.004260 15.288000
0.004272 15.288000
0.004284 15.288000
0.004296 15.288000
0.004308 15.288000
0.004320 14.560000
0.004332 15.288000
0.004344 15.288000
0.004356 15.288000
0.004368 15.288000
0.004380 15.288000
0.004392 16.016000
0.004404 15.288000
0.004416 16.016000
0.004428 15.288000
0.004440 16.016000
0.004452 16.016000
0.004464 15.288000
0.004476 15.288000
0.004488 16.016000
0.004500 16.016000
0.004512 15.288000
0.004524 16.016000
0.004536 16.016000
0.004548 16.016000
0.004560 15.288000
0.004572 16.016000
0.004584 16.744000
0.004596 16.016000
0.004608 16.016000
0.004620 16.744000
0.004632 16.016000
0.004644 16.744000
0.004656 16.744000
0.004668 16.744000
0.004680 16.744000
0.004692 16.016000
0.004704 16.744000
0.004716 16.744000
0.004728 16.016000
0.004740 17.472000
0.004752 16.744000
0.004764 16.744000
0.004776 16.744000
0.004788 16.016000
0.004800 16.744000
0.004812 16.744000
0.004824 16.744000
0.004836 16.744000
0.004848 16.016000
0.004860 16.744000
0.004872 16.744000
0.004884 16.016000
0.004896 16.744000
0.004908 16.744000
0.004920 16.016000
0.004932 16.744000
0.004944 16.744000
0.004956 16.016000
0.004968 16.744000
0.004980 16.744000
0.004992 16.744000
0.005004 16.744000
0.005016 16.016000
0.005028 16.744000
0.005040 16.744000
0.005052 16.744000
0.005064 16.744000
0.005076 16.744000
0.005088 16.744000
0.005100 16.744000
0.005112 16.744000
0.005124 16.744000
0.005136 16.744000
0.005148 16.744000
0.005160 16.744000
0.005172 16.744000
0.005184 17.472000
0.005196 16.744000
0.005208 16.744000
0.005220 16.744000
0.005232 17.472000
0.005244 16.744000
0.005256 16.744000
0.005268 17.472000
0.005280 16.744000
0.005292 17.472000
0.005304 16.744000
0.005316 16.744000
0.005328 17.472000
0.005340 16.744000
0.005352 17.472000
0.005364 16.744000
0.005376 17.472000
0.005388 16.744000
0.005400 17.472000
0.005412 17.472000
0.005424 17.472000
0.005436 16.744000
0.005448 17.472000
0.005460 16.744000
0.005472 17.472000
0.005484 16.744000
0.005496 17.472000
0.005508 16.744000
0.005520 17.472000
0.005532 16.744000
0.005544 17.472000
0.005556 16.744000
0.005568 17.472000
0.005580 17.472000
0.005592 16.744000
0.005604 17.472000
0.005616 17.472000
0.005628 18.200000
0.005640 17.472000
0.005652 17.472000
0.005664 18.200000
0.005676 17.472000
0.005688 17.472000
0.005700 18.200000
0.005712 17.472000
0.005724 18.200000
0.005736 17.472000
0.005748 17.472000
0.005760 18.200000
0.005772 17.472000
0.005784 18.200000
0.005796 17.472000
0.005808 18.200000
0.005820 18.200000
0.005832 17.472000
0.005844 18.200000
0.005856 18.200000
0.005868 17.472000
0.005880 18.200000
0.005892 18.200000
0.005904 18.200000
0.005916 18.200000
0.005928 18.200000
0.005940 17.472000
0.005952 18.200000
0.005964 18.200000
0.005976 18.200000
0.005988 18.200000
0.006000 18.200000
0.006012 18.928000
0.006024 18.200000
0.006036 18.200000
0.006048 18.200000
0.006060 18.200000
0.006072 18.200000
0.006084 18.200000
0.006096 18.200000
0.006108 17.472000
0.006120 18.200000
0.006132 18.200000
0.006144 18.200000
0.006156 18.200000
0.006168 18.928000
0.006180 18.200000
0.006192 18.928000
0.006204 18.200000
0.006216 18.928000
0.006228 18.200000
0.006240 18.200000
0.006252 18.928000
0.006264 18.200000
0.006276 18.928000
0.006288 18.200000
0.006300 18.928000
0.006312 18.928000
0.006324 18.928000
0.006336 18.928000
0.006348 18.928000
0.006360 18.928000
0.006372 18.928000
0.006384 18.928000
0.006396 19.656000
0.006408 18.928000
0.006420 18.928000
0.006432 19.656000
0.006444 18.928000
0.006456 19.656000
0.006468 19.656000
0.006480 18.928000
0.006492 19.656000
0.006504 19.656000
0.006516 18.928000
0.006528 19.656000
0.006540 19.656000
0.006552 19.656000
0.006564 19.656000
0.006576 18.928000
0.006588 19.656000
0.006600 19.656000
0.006612 19.656000
0.006624 19.656000
0.006636 19.656000
0.006648 18.928000
0.006660 20.384000
0.006672 19.656000
0.006684 19.656000
0.006696 19.656000
0.006708 19.656000
0.006720 20.384000
0.006732 19.656000
0.006744 20.384000
0.006756 20.384000
0.006768 20.384000
0.006780 19.656000
0.006792 21.112000
0.006804 20.384000
0.006816 20.384000
0.006828 20.384000
0.006840 20.384000
0.006852 21.112000
0.006864 21.112000
0.006876 20.384000
0.006888 21.112000
0.006900 20.384000
0.006912 21.112000
0.006924 20.384000
0.006936 21.112000
0.006948 20.384000
0.006960 21.112000
0.006972 21.112000
0.006984 21.112000
0.006996 21.112000
0.007008 21.112000
0.007020 21.112000
0.007032 21.112000
0.007044 21.112000
0.007056 21.840000
0.007068 21.112000
0.007080 21.112000
0.007092 21.112000
0.007104 21.112000
0.007116 21.112000
0.007128 21.112000
0.007140 21.112000
0.007152 21.840000
0.007164 21.112000
0.007176 20.384000
0.007188 21.112000
0.007200 21.840000
0.007212 21.112000
0.007224 21.112000
0.007236 21.112000
0.007248 21.112000
0.007260 21.112000
0.007272 21.112000
0.007284 21.112000
0.007296 20.384000
0.007308 21.112000
0.007320 21.112000
0.007332 21.112000
0.007344 21.112000
0.007356 21.840000
0.007368 21.112000
0.007380 21.112000
0.007392 21.112000
0.007404 21.112000
0.007416 21.840000
0.007428 21.840000
0.007440 21.112000
0.007452 21.840000
0.007464 21.112000
0.007476 21.840000
0.007488 21.840000
0.007500 21.112000
0.007512 21.112000
0.007524 21.840000
0.007536 21.112000
0.007548 21.840000
0.007560 21.112000
0.007572 21.840000
0.007584 21.112000
0.007596 21.112000
0.007608 21.840000
0.007620 21.112000
0.007632 21.840000
0.007644 21.112000
0.007656 21.840000
0.007668 21.112000
0.007680 21.112000
0.007692 21.112000
0.007704 21.840000
0.007716 21.112000
0.007728 21.840000
0.007740 21.112000
0.007752 21.840000
0.007764 21.112000
0.007776 21.840000
0.007788 21.112000
0.007800 21.840000
0.007812 21.112000
0.007824 21.840000
0.007836 21.840000
0.007848 21.112000
0.007860 21.840000
0.007872 21.840000
0.007884 21.112000
0.007896 21.840000
0.007908 21.112000
0.007920 22.568000
0.007932 21.112000
0.007944 21.840000
0.007956 21.840000
0.007968 21.840000
0.007980 21.840000
0.007992 21.840000
0.008004 21.840000
0.008016 21.840000
0.008028 21.840000
0.008040 21.840000
0.008052 21.840000
0.008064 21.840000
0.008076 22.568000
0.008088 22.568000
0.008100 21.840000
0.008112 21.840000
0.008124 22.568000
0.008136 21.840000
0.008148 22.568000
0.008160 22.568000
0.008172 21.840000
0.008184 22.568000
0.008196 22.568000
0.008208 22.568000
0.008220 22.568000
0.008232 23.296000
0.008244 22.568000
0.008256 23.296000
0.008268 23.296000
0.008280 23.296000
0.008292 23.296000
0.008304 23.296000
0.008316 22.568000
0.008328 24.024000
0.008340 23.296000
0.008352 23.296000
0.008364 23.296000
0.008376 23.296000
0.008388 23.296000
0.008400 23.296000
0.008412 23.296000
0.008424 22.568000
0.008436 23.296000
0.008448 23.296000
0.008460 23.296000
0.008472 22.568000
0.008484 23.296000
0.008496 23.296000
0.008508 23.296000
0.008520 23.296000
0.008532 23.296000
0.008544 23.296000
0.008556 23.296000
0.008568 23.296000
0.008580 24.024000
0.008592 22.568000
0.008604 23.296000
0.008616 24.024000
0.008628 23.296000
0.008640 23.296000
0.008652 24.024000
0.008664 23.296000
0.008676 24.024000
0.008688 23.296000
0.008700 24.024000
0.008712 24.024000
0.008724 23.296000
0.008736 24.024000
0.008748 24.024000
0.008760 23.296000
0.008772 24.024000
0.008784 23.296000
0.008796 24.024000
0.008808 24.024000
0.008820 23.296000
0.008832 24.024000
0.008844 24.024000
0.008856 24.024000
0.008868 24.024000
0.008880 24.024000
0.008892 23.296000
0.008904 24.024000
0.008916 24.024000
0.008928 23.296000
0.008940 24.024000
0.008952 23.296000
0.008964 24.024000
0.008976 24.024000
0.008988 23.296000
0.009000 24.024000
0.009012 24.024000
0.009024 24.024000
0.009036 23.296000
0.009048 23.296000
0.009060 24.024000
0.009072 24.024000
0.009084 23.296000
0.009096 24.024000
0.009108 23.296000
0.009120 23.296000
0.009132 24.024000
0.009144 24.024000
0.009156 23.296000
0.009168 23.296000
0.009180 23.296000
0.009192 24.024000
0.009204 23.296000
0.009216 24.024000
0.009228 24.024000
0.009240 23.296000
0.009252 23.296000
0.009264 24.024000
0.009276 24.024000
0.009288 24.024000
0.009300 24.024000
0.009312 24.024000
0.009324 24.024000
0.009336 24.024000
0.009348 23.296000
0.009360 24.024000
0.009372 23.296000
0.009384 23.296000
0.009396 24.024000
0.009408 23.296000
0.009420 23.296000
0.009432 23.296000
0.009444 23.296000
0.009456 23.296000
0.009468 24.024000
0.009480 23.296000
0.009492 23.296000
0.009504 23.296000
0.009516 23.296000
0.009528 23.296000
0.009540 23.296000
0.009552 22.568000
0.009564 23.296000
0.009576 23.296000
0.009588 23.296000
0.009600 22.568000
0.009612 23.296000
0.009624 23.296000
0.009636 23.296000
0.009648 22.568000
0.009660 23.296000
0.009672 22.568000
0.009684 22.568000
0.009696 23.296000
0.009708 22.568000
0.009720 22.568000
0.009732 22.568000
0.009744 22.568000
0.009756 22.568000
0.009768 22.568000
0.009780 22.568000
0.009792 22.568000
0.009804 21.840000
0.009816 22.568000
0.009828 23.296000
0.009840 22.568000
0.009852 22.568000
0.009864 22.568000
0.009876 23.296000
0.009888 22.568000
0.009900 23.296000
0.009912 22.568000
0.009924 22.568000
0.009936 23.296000
0.009948 22.568000
0.009960 22.568000
0.009972 22.568000
0.009984 23.296000
0.009996 22.568000
0.010008 18.928000
0.010020 12.376000
0.010032 8.008000
0.010044 11.648000
0.010056 11.648000
0.010068 11.648000
0.010080 12.376000
0.010092 11.648000
0.010104 12.376000
0.010116 12.376000
0.010128 12.376000
0.010140 12.376000
0.010152 12.376000
0.010164 12.376000
0.010176 12.376000
0.010188 12.376000
0.010200 12.376000
0.010212 13.104000
0.010224 12.376000
0.010236 12.376000
0.010248 13.104000
0.010260 12.376000
0.010272 13.104000
0.010284 12.376000
0.010296 12.376000
0.010308 13.104000
0.010320 12.376000
0.010332 13.104000
0.010344 12.376000
0.010356 12.376000
0.010368 13.104000
0.010380 13.104000
0.010392 12.376000
0.010404 13.104000
0.010416 12.376000
0.010428 13.104000
0.010440 12.376000
0.010452 13.104000
0.010464 13.104000
0.010476 13.104000
0.010488 13.104000
0.010500 12.376000
0.010512 13.104000
0.010524 13.104000
0.010536 13.104000
0.010548 13.104000
0.010560 13.104000
0.010572 13.104000
0.010584 13.104000
0.010596 13.104000
0.010608 13.104000
0.010620 13.832000
0.010632 12.376000
0.010644 13.104000
0.010656 13.104000
0.010668 13.104000
0.010680 13.104000
0.010692 12.376000
0.010704 12.376000
0.010716 13.104000
0.010728 12.376000
0.010740 12.376000
0.010752 13.104000
0.010764 12.376000
0.010776 13.104000
0.010788 12.376000
0.010800 13.104000
0.010812 13.104000
0.010824 13.104000
0.010836 12.376000
0.010848 13.104000
0.010860 13.104000
0.010872 13.104000
0.010884 13.104000
0.010896 13.104000
0.010908 13.104000
0.010920 13.104000
0.010932 13.104000
0.010944 13.104000
0.010956 12.376000
0.010968 13.832000
0.010980 12.376000
0.010992 13.104000
0.011004 13.104000
0.011016 13.104000
0.011028 13.104000
0.011040 13.104000
0.011052 13.104000
0.011064 12.376000
0.011076 13.104000
0.011088 13.104000
0.011100 13.104000
0.011112 12.376000
0.011124 13.832000
0.011136 12.376000
0.011148 13.832000
0.011160 13.104000
0.011172 13.104000
0.011184 13.104000
0.011196 12.376000
0.011208 13.104000
0.011220 13.104000
0.011232 13.104000
0.011244 13.104000
0.011256 13.104000
0.011268 13.104000
0.011280 13.104000
0.011292 13.104000
0.011304 13.104000
0.011316 13.104000
0.011328 13.104000
0.011340 13.104000
0.011352 13.104000
0.011364 13.104000
0.011376 13.104000
0.011388 13.832000
0.011400 13.104000
0.011412 13.104000
0.011424 13.104000
0.011436 13.104000
0.011448 13.104000
0.011460 13.104000
0.011472 13.104000
0.011484 13.104000
0.011496 13.104000
0.011508 13.832000
0.011520 13.104000
0.011532 13.104000
0.011544 13.104000
0.011556 13.104000
0.011568 13.832000
0.011580 13.104000
0.011592 13.832000
0.011604 13.832000
0.011616 13.832000
0.011628 13.832000
0.011640 13.104000
0.011652 14.560000
0.011664 13.832000
0.011676 13.832000
0.011688 13.832000
0.011700 13.832000
0.011712 13.832000
0.011724 13.832000
0.011736 13.832000
0.011748 13.832000
0.011760 13.832000
0.011772 13.832000
0.011784 13.832000
0.011796 14.560000
0.011808 13.832000
0.011820 14.560000
0.011832 13.832000
0.011844 13.832000
0.011856 14.560000
0.011868 14.560000
0.011880 14.560000
0.011892 13.832000
0.011904 14.560000
0.011916 13.832000
0.011928 14.560000
0.011940 14.560000
0.011952 14.560000
0.011964 13.832000
0.011976 14.560000
0.011988 13.832000
0.012000 14.560000
0.012012 13.832000
0.012024 14.560000
0.012036 14.560000
0.012048 14.560000
0.012060 14.560000
0.012072 13.832000
0.012084 14.560000
0.012096 14.560000
0.012108 14.560000
0.012120 14.560000
0.012132 14.560000
0.012144 14.560000
0.012156 14.560000
0.012168 14.560000
0.012180 15.288000
0.012192 14.560000
0.012204 14.560000
0.012216 14.560000
0.012228 14.560000
0.012240 15.288000
0.012252 14.560000
0.012264 14.560000
0.012276 14.560000
0.012288 15.288000
0.012300 14.560000
0.012312 14.560000
0.012324 14.560000
0.012336 15.288000
0.012348 14.560000
0.012360 15.288000
0.012372 14.560000
0.012384 15.288000
0.012396 14.560000
0.012408 15.288000
0.012420 14.560000
0.012432 16.016000
0.012444 15.288000
0.012456 15.288000
0.012468 15.288000
0.012480 14.560000
0.012492 16.016000
0.012504 14.560000
0.012516 15.288000
0.012528 15.288000
0.012540 15.288000
0.012552 14.560000
0.012564 15.288000
0.012576 15.288000
0.012588 14.560000
0.012600 15.288000
0.012612 15.288000
0.012624 15.288000
0.012636 14.560000
0.012648 15.288000
0.012660 14.560000
0.012672 15.288000
0.012684 15.288000
0.012696 14.560000
0.012708 15.288000
0.012720 14.560000
0.012732 14.560000
0.012744 14.560000
0.012756 14.560000
0.012768 14.560000
0.012780 14.560000
0.012792 15.288000
0.012804 14.560000
0.012816 14.560000
0.012828 14.560000
0.012840 15.288000
0.012852 14.560000
0.012864 15.288000
0.012876 14.560000
0.012888 15.288000
0.012900 14.560000
0.012912 15.288000
0.012924 14.560000
0.012936 15.288000
0.012948 14.560000
0.012960 15.288000
0.012972 14.560000
0.012984 15.288000
0.012996 14.560000
0.013008 15.288000
0.013020 14.560000
0.013032 14.560000
0.013044 15.288000
0.013056 14.560000
0.013068 16.016000
0.013080 14.560000
0.013092 15.288000
0.013104 14.560000
0.013116 15.288000
0.013128 14.560000
0.013140 15.288000
0.013152 15.288000
0.013164 14.560000
0.013176 15.288000
0.013188 14.560000
0.013200 15.288000
0.013212 15.288000
0.013224 15.288000
0.013236 15.288000
0.013248 15.288000
0.013260 15.288000
0.013272 15.288000
0.013284 15.288000
0.013296 15.288000
0.013308 15.288000
0.013320 15.288000
0.013332 15.288000
0.013344 14.560000
0.013356 15.288000
0.013368 14.560000
0.013380 15.288000
0.013392 14.560000
0.013404 15.288000
0.013416 14.560000
0.013428 14.560000
0.013440 14.560000
0.013452 14.560000
0.013464 14.560000
0.013476 13.832000
0.013488 14.560000
0.013500 13.832000
0.013512 14.560000
0.013524 13.832000
0.013536 13.832000
0.013548 14.560000
0.013560 13.832000
0.013572 14.560000
0.013584 14.560000
0.013596 13.832000
0.013608 14.560000
0.013620 14.560000
0.013632 14.560000
0.013644 13.832000
0.013656 14.560000
0.013668 14.560000
0.013680 13.832000
0.013692 14.560000
0.013704 14.560000
0.013716 13.832000
0.013728 14.560000
0.013740 13.832000
0.013752 13.832000
0.013764 13.832000
0.013776 14.560000
0.013788 13.832000
0.013800 13.832000
0.013812 13.832000
0.013824 13.832000
0.013836 13.832000
0.013848 13.104000
0.013860 13.832000
0.013872 13.832000
0.013884 13.832000
0.013896 13.832000
0.013908 13.832000
0.013920 13.832000
0.013932 13.832000
0.013944 13.832000
0.013956 13.832000
0.013968 13.832000
0.013980 14.560000
0.013992 13.832000
0.014004 13.832000
0.014016 13.832000
0.014028 14.560000
0.014040 13.832000
0.014052 13.832000
0.014064 13.832000
0.014076 14.560000
0.014088 13.832000
0.014100 13.832000
0.014112 13.832000
0.014124 13.832000
0.014136 14.560000
0.014148 13.832000
0.014160 14.560000
0.014172 13.832000
0.014184 14.560000
0.014196 13.832000
0.014208 14.560000
0.014220 13.832000
0.014232 14.560000
0.014244 13.832000
0.014256 14.560000
0.014268 13.832000
0.014280 13.832000
0.014292 13.832000
0.014304 14.560000
0.014316 13.832000
0.014328 14.560000
0.014340 14.560000
0.014352 13.832000
0.014364 14.560000
0.014376 14.560000
0.014388 14.560000
0.014400 14.560000
0.014412 14.560000
0.014424 14.560000
0.014436 14.560000
0.014448 14.560000
0.014460 14.560000
0.014472 15.288000
0.014484 14.560000
0.014496 14.560000
0.014508 14.560000
0.014520 14.560000
0.014532 14.560000
0.014544 14.560000
0.014556 13.832000
0.014568 14.560000
0.014580 14.560000
0.014592 14.560000
0.014604 15.288000
0.014616 14.560000
0.014628 14.560000
0.014640 15.288000
0.014652 14.560000
0.014664 14.560000
0.014676 15.288000
0.014688 14.560000
0.014700 15.288000
0.014712 15.288000
0.014724 14.560000
0.014736 15.288000
0.014748 15.288000
0.014760 14.560000
0.014772 16.016000
0.014784 15.288000
0.014796 15.288000
0.014808 15.288000
0.014820 15.288000
0.014832 15.288000
0.014844 15.288000
0.014856 14.560000
0.014868 15.288000
0.014880 15.288000
0.014892 15.288000
0.014904 15.288000
0.014916 15.288000
0.014928 14.560000
0.014940 14.560000
0.014952 15.288000
0.014964 14.560000
0.014976 14.560000
0.014988 15.288000
0.015000 14.560000
0.015012 14.560000
0.015024 14.560000
0.015036 14.560000
0.015048 14.560000
0.015060 14.560000
0.015072 14.560000
0.015084 14.560000
0.015096 14.560000
0.015108 14.560000
0.015120 14.560000
0.015132 14.560000
0.015144 14.560000
0.015156 14.560000
0.015168 14.560000
0.015180 14.560000
0.015192 15.288000
0.015204 14.560000
0.015216 14.560000
0.015228 14.560000
0.015240 14.560000
0.015252 15.288000
0.015264 14.560000
0.015276 14.560000
0.015288 14.560000
0.015300 15.288000
0.015312 14.560000
0.015324 15.288000
0.015336 15.288000
0.015348 14.560000
0.015360 15.288000
0.015372 15.288000
0.015384 14.560000
0.015396 15.288000
0.015408 14.560000
0.015420 15.288000
0.015432 15.288000
0.015444 14.560000
0.015456 14.560000
0.015468 15.288000
0.015480 14.560000
0.015492 15.288000
0.015504 15.288000
0.015516 14.560000
0.015528 15.288000
0.015540 15.288000
0.015552 15.288000
0.015564 14.560000
0.015576 15.288000
0.015588 15.288000
0.015600 15.288000
0.015612 15.288000
0.015624 15.288000
0.015636 15.288000
0.015648 15.288000
0.015660 15.288000
0.015672 15.288000
0.015684 14.560000
0.015696 15.288000
0.015708 15.288000
0.015720 15.288000
0.015732 15.288000
0.015744 16.016000
0.015756 14.560000
0.015768 16.016000
0.015780 15.288000
0.015792 15.288000
0.015804 16.016000
0.015816 15.288000
0.015828 16.016000
0.015840 15.288000
0.015852 16.016000
0.015864 15.288000
0.015876 16.016000
0.015888 16.016000
0.015900 15.288000
0.015912 16.016000
0.015924 16.016000
0.015936 16.016000
0.015948 16.016000
0.015960 15.288000
0.015972 16.016000
0.015984 16.016000
0.015996 16.016000
0.016008 16.016000
0.016020 16.016000
0.016032 16.016000
0.016044 16.016000
0.016056 16.016000
0.016068 15.288000
0.016080 16.016000
0.016092 16.016000
0.016104 15.288000
0.016116 16.016000
0.016128 16.016000
0.016140 16.016000
0.016152 15.288000
0.016164 16.016000
0.016176 16.016000
0.016188 16.016000
0.016200 16.016000
0.016212 16.016000
0.016224 15.288000
0.016236 16.016000
0.016248 16.016000
0.016260 16.016000
0.016272 15.288000
0.016284 16.016000
0.016296 16.016000
0.016308 15.288000
0.016320 15.288000
0.016332 15.288000
0.016344 16.016000
0.016356 15.288000
0.016368 16.016000
0.016380 15.288000
0.016392 15.288000
0.016404 16.016000
0.016416 15.288000
0.016428 15.288000
0.016440 16.016000
0.016452 15.288000
0.016464 16.016000
0.016476 15.288000
0.016488 15.288000
0.016500 15.288000
0.016512 16.016000
0.016524 15.288000
0.016536 15.288000
0.016548 15.288000
0.016560 15.288000
0.016572 15.288000
0.016584 15.288000
0.016596 15.288000
0.016608 15.288000
0.016620 15.288000
0.016632 14.560000
0.016644 16.016000
0.016656 15.288000
0.016668 15.288000
0.016680 15.288000
0.016692 16.016000
0.016704 15.288000
0.016716 15.288000
0.016728 15.288000
0.016740 15.288000
0.016752 15.288000
0.016764 16.016000
0.016776 15.288000
0.016788 15.288000
0.016800 16.016000
0.016812 14.560000
0.016824 16.016000
0.016836 15.288000
0.016848 16.016000
0.016860 15.288000
0.016872 16.016000
0.016884 15.288000
0.016896 16.016000
0.016908 16.016000
0.016920 16.016000
0.016932 16.016000
0.016944 15.288000
0.016956 16.016000
0.016968 16.016000
0.016980 15.288000
0.016992 16.016000
0.017004 15.288000
0.017016 16.016000
0.017028 15.288000
0.017040 16.016000
0.017052 16.016000
0.017064 15.288000
0.017076 16.016000
0.017088 15.288000
0.017100 15.288000
0.017112 16.016000
0.017124 15.288000
0.017136 15.288000
0.017148 16.016000
0.017160 15.288000
0.017172 15.288000
0.017184 16.016000
0.017196 15.288000
0.017208 15.288000
0.017220 16.016000
0.017232 15.288000
0.017244 15.288000
0.017256 16.016000
0.017268 16.016000
0.017280 15.288000
0.017292 16.016000
0.017304 15.288000
0.017316 15.288000
0.017328 15.288000
0.017340 15.288000
0.017352 15.288000
0.017364 15.288000
0.017376 15.288000
0.017388 15.288000
0.017400 14.560000
0.017412 15.288000
0.017424 14.560000
0.017436 15.288000
0.017448 14.560000
0.017460 15.288000
0.017472 14.560000
0.017484 15.288000
0.017496 14.560000
0.017508 15.288000
0.017520 15.288000
0.017532 15.288000
0.017544 15.288000
0.017556 14.560000
0.017568 16.016000
0.017580 14.560000
0.017592 15.288000
0.017604 15.288000
0.017616 14.560000
0.017628 15.288000
0.017640 15.288000
0.017652 15.288000
0.017664 15.288000
0.017676 15.288000
0.017688 15.288000
0.017700 15.288000
0.017712 15.288000
0.017724 16.016000
0.017736 14.560000
0.017748 15.288000
0.017760 15.288000
0.017772 15.288000
0.017784 15.288000
0.017796 14.560000
0.017808 15.288000
0.017820 14.560000
0.017832 15.288000
0.017844 15.288000
0.017856 14.560000
0.017868 15.288000
0.017880 14.560000
0.017892 15.288000
0.017904 15.288000
0.017916 15.288000
0.017928 15.288000
0.017940 14.560000
0.017952 15.288000
0.017964 15.288000
0.017976 14.560000
0.017988 15.288000
0.018000 15.288000
0.018012 14.560000
0.018024 15.288000
0.018036 14.560000
0.018048 14.560000
0.018060 15.288000
0.018072 14.560000
0.018084 15.288000
0.018096 14.560000
0.018108 15.288000
0.018120 14.560000
0.018132 14.560000
0.018144 14.560000
0.018156 14.560000
0.018168 15.288000
0.018180 14.560000
0.018192 15.288000
0.018204 14.560000
0.018216 15.288000
0.018228 14.560000
0.018240 14.560000
0.018252 15.288000
0.018264 14.560000
0.018276 14.560000
0.018288 14.560000
0.018300 15.288000
0.018312 14.560000
0.018324 14.560000
0.018336 15.288000
0.018348 14.560000
0.018360 14.560000
0.018372 14.560000
0.018384 13.832000
0.018396 15.288000
0.018408 13.832000
0.018420 14.560000
0.018432 14.560000
0.018444 14.560000
0.018456 14.560000
0.018468 14.560000
0.018480 14.560000
0.018492 14.560000
0.018504 14.560000
0.018516 14.560000
0.018528 14.560000
0.018540 14.560000
0.018552 14.560000
0.018564 15.288000
0.018576 14.560000
0.018588 14.560000
0.018600 14.560000
0.018612 14.560000
0.018624 14.560000
0.018636 15.288000
0.018648 14.560000
0.018660 14.560000
0.018672 14.560000
0.018684 14.560000
0.018696 15.288000
0.018708 14.560000
0.018720 15.288000
0.018732 14.560000
0.018744 14.560000
0.018756 15.288000
0.018768 14.560000
0.018780 15.288000
0.018792 14.560000
0.018804 14.560000
0.018816 14.560000
0.018828 15.288000
0.018840 14.560000
0.018852 14.560000
0.018864 14.560000
0.018876 14.560000
0.018888 15.288000
0.018900 14.560000
0.018912 14.560000
0.018924 14.560000
0.018936 14.560000
0.018948 14.560000
0.018960 15.288000
0.018972 14.560000
0.018984 14.560000
0.018996 15.288000
0.019008 14.560000
0.019020 14.560000
0.019032 14.560000
0.019044 14.560000
0.019056 15.288000
0.019068 14.560000
0.019080 14.560000
0.019092 15.288000
0.019104 14.560000
0.019116 15.288000
0.019128 14.560000
0.019140 15.288000
0.019152 14.560000
0.019164 15.288000
0.019176 14.560000
0.019188 15.288000
0.019200 15.288000
0.019212 15.288000
0.019224 14.560000
0.019236 16.016000
0.019248 14.560000
0.019260 15.288000
0.019272 15.288000
0.019284 15.288000
0.019296 15.288000
0.019308 15.288000
0.019320 14.560000
0.019332 15.288000
0.019344 15.288000
0.019356 15.288000
0.019368 15.288000
0.019380 14.560000
0.019392 15.288000
0.019404 14.560000
0.019416 15.288000
0.019428 14.560000
0.019440 15.288000
0.019452 14.560000
0.019464 14.560000
0.019476 14.560000
0.019488 14.560000
0.019500 14.560000
0.019512 14.560000
0.019524 14.560000
0.019536 14.560000
0.019548 14.560000
0.019560 14.560000
0.019572 13.832000
0.019584 14.560000
0.019596 14.560000
0.019608 13.832000
0.019620 14.560000
0.019632 14.560000
0.019644 14.560000
0.019656 14.560000
0.019668 13.832000
0.019680 14.560000
0.019692 13.832000
0.019704 14.560000
0.019716 14.560000
0.019728 13.832000
0.019740 14.560000
0.019752 14.560000
0.019764 13.832000
0.019776 14.560000
0.019788 13.832000
0.019800 14.560000
0.019812 14.560000
0.019824 13.832000
0.019836 14.560000
0.019848 13.832000
0.019860 14.560000
0.019872 13.832000
0.019884 14.560000
0.019896 13.832000
0.019908 14.560000
0.019920 13.832000
0.019932 14.560000
0.019944 13.832000
0.019956 14.560000
0.019968 13.832000
0.019980 14.560000
0.019992 14.560000
0.020004 13.832000
0.020016 14.560000
0.020028 14.560000
0.020040 13.832000
0.020052 14.560000
0.020064 14.560000
0.020076 14.560000
0.020088 13.832000
0.020100 14.560000
0.020112 14.560000
0.020124 14.560000
0.020136 14.560000
0.020148 13.832000
0.020160 14.560000
0.020172 14.560000
0.020184 14.560000
0.020196 14.560000
0.020208 14.560000
0.020220 14.560000
0.020232 13.832000
0.020244 14.560000
0.020256 14.560000
0.020268 14.560000
0.020280 14.560000
0.020292 14.560000
0.020304 14.560000
0.020316 14.560000
0.020328 14.560000
0.020340 13.832000
0.020352 14.560000
0.020364 14.560000
0.020376 14.560000
0.020388 14.560000
0.020400 13.832000
0.020412 14.560000
0.020424 13.832000
0.020436 14.560000
0.020448 14.560000
0.020460 14.560000
0.020472 13.832000
0.020484 14.560000
0.020496 14.560000
0.020508 14.560000
0.020520 13.832000
0.020532 14.560000
0.020544 14.560000
0.020556 13.832000
0.020568 13.832000
0.020580 13.832000
0.020592 14.560000
0.020604 13.832000
0.020616 14.560000
0.020628 14.560000
0.020640 14.560000
0.020652 13.832000
0.020664 14.560000
0.020676 14.560000
0.020688 14.560000
0.020700 13.832000
0.020712 14.560000
0.020724 14.560000
0.020736 14.560000
0.020748 14.560000
0.020760 14.560000
0.020772 13.832000
0.020784 14.560000
0.020796 14.560000
0.020808 14.560000
0.020820 14.560000
0.020832 15.288000
0.020844 14.560000
0.020856 14.560000
0.020868 14.560000
0.020880 15.288000
0.020892 14.560000
0.020904 14.560000
0.020916 15.288000
0.020928 14.560000
0.020940 14.560000
0.020952 15.288000
0.020964 14.560000
0.020976 14.560000
0.020988 14.560000
0.021000 14.560000
0.021012 14.560000
0.021024 14.560000
0.021036 14.560000
0.021048 14.560000
0.021060 14.560000
0.021072 13.832000
0.021084 14.560000
0.021096 15.288000
0.021108 14.560000
0.021120 14.560000
0.021132 14.560000
0.021144 14.560000
0.021156 14.560000
0.021168 14.560000
0.021180 14.560000
0.021192 14.560000
0.021204 15.288000
0.021216 14.560000
0.021228 14.560000
0.021240 14.560000
0.021252 14.560000
0.021264 14.560000
0.021276 14.560000
0.021288 14.560000
0.021300 14.560000
0.021312 14.560000
0.021324 15.288000
0.021336 14.560000
0.021348 14.560000
0.021360 14.560000
0.021372 14.560000
0.021384 14.560000
0.021396 14.560000
0.021408 15.288000
0.021420 13.832000
0.021432 15.288000
0.021444 13.832000
0.021456 14.560000
0.021468 14.560000
0.021480 13.832000
0.021492 14.560000
0.021504 13.832000
0.021516 14.560000
0.021528 14.560000
0.021540 13.832000
0.021552 14.560000
0.021564 14.560000
0.021576 13.832000
0.021588 14.560000
0.021600 14.560000
0.021612 14.560000
0.021624 14.560000
0.021636 14.560000
0.021648 14.560000
0.021660 14.560000
0.021672 14.560000
0.021684 14.560000
0.021696 14.560000
0.021708 14.560000
0.021720 14.560000
0.021732 15.288000
0.021744 14.560000
0.021756 14.560000
0.021768 14.560000
0.021780 14.560000
0.021792 15.288000
0.021804 14.560000
0.021816 14.560000
0.021828 14.560000
0.021840 14.560000
0.021852 14.560000
0.021864 14.560000
0.021876 13.832000
0.021888 14.560000
0.021900 14.560000
0.021912 14.560000
0.021924 14.560000
0.021936 14.560000
0.021948 14.560000
0.021960 14.560000
0.021972 14.560000
0.021984 14.560000
0.021996 14.560000
0.022008 14.560000
0.022020 14.560000
0.022032 14.560000
0.022044 15.288000
0.022056 14.560000
0.022068 14.560000
0.022080 14.560000
0.022092 14.560000
0.022104 14.560000
0.022116 15.288000
0.022128 14.560000
0.022140 14.560000
0.022152 14.560000
0.022164 15.288000
0.022176 14.560000
0.022188 14.560000
0.022200 14.560000
0.022212 14.560000
0.022224 14.560000
0.022236 15.288000
0.022248 14.560000
0.022260 14.560000
0.022272 14.560000
0.022284 15.288000
0.022296 14.560000
0.022308 15.288000
0.022320 15.288000
0.022332 15.288000
0.022344 14.560000
0.022356 15.288000
0.022368 15.288000
0.022380 14.560000
0.022392 15.288000
0.022404 14.560000
0.022416 15.288000
0.022428 14.560000
0.022440 15.288000
0.022452 14.560000
0.022464 15.288000
0.022476 15.288000
0.022488 14.560000
0.022500 15.288000
0.022512 15.288000
0.022524 14.560000
0.022536 15.288000
0.022548 15.288000
0.022560 14.560000
0.022572 15.288000
0.022584 15.288000
0.022596 14.560000
0.022608 15.288000
0.022620 15.288000
0.022632 15.288000
0.022644 15.288000
0.022656 15.288000
0.022668 16.016000
0.022680 15.288000
0.022692 16.016000
0.022704 15.288000
0.022716 16.016000
0.022728 15.288000
0.022740 16.016000
0.022752 16.016000
0.022764 15.288000
0.022776 16.016000
0.022788 16.016000
0.022800 15.288000
0.022812 16.016000
0.022824 16.016000
0.022836 16.016000
0.022848 16.016000
0.022860 16.016000
0.022872 15.288000
0.022884 16.016000
0.022896 16.016000
0.022908 16.016000
0.022920 16.016000
0.022932 16.016000
0.022944 16.016000
0.022956 16.016000
0.022968 16.016000
0.022980 16.016000
0.022992 16.016000
0.023004 16.016000
0.023016 16.016000
0.023028 16.744000
0.023040 16.016000
0.023052 16.016000
0.023064 16.744000
0.023076 16.744000
0.023088 16.744000
0.023100 16.016000
0.023112 16.744000
0.023124 16.744000
0.023136 16.744000
0.023148 16.744000
0.023160 16.744000
0.023172 16.744000
0.023184 16.744000
0.023196 16.744000
0.023208 17.472000
0.023220 16.744000
0.023232 17.472000
0.023244 16.744000
0.023256 17.472000
0.023268 16.744000
0.023280 17.472000
0.023292 17.472000
0.023304 16.744000
0.023316 17.472000
0.023328 16.744000
0.023340 17.472000
0.023352 17.472000
0.023364 16.744000
0.023376 18.200000
0.023388 17.472000
0.023400 17.472000
0.023412 16.744000
0.023424 18.200000
0.023436 17.472000
0.023448 17.472000
0.023460 17.472000
0.023472 18.200000
0.023484 18.200000
0.023496 17.472000
0.023508 18.200000
0.023520 18.200000
0.023532 18.200000
0.023544 17.472000
0.023556 18.200000
0.023568 18.200000
0.023580 18.200000
0.023592 18.200000
0.023604 18.200000
0.023616 18.200000
0.023628 18.928000
0.023640 18.200000
0.023652 18.200000
0.023664 18.200000
0.023676 18.928000
0.023688 18.200000
0.023700 18.928000
0.023712 18.200000
0.023724 18.200000
0.023736 18.928000
0.023748 18.200000
0.023760 18.928000
0.023772 18.928000
0.023784 18.200000
0.023796 18.928000
0.023808 18.928000
0.023820 18.928000
0.023832 18.928000
0.023844 18.928000
0.023856 18.928000
0.023868 18.928000
0.023880 18.928000
0.023892 19.656000
0.023904 18.928000
0.023916 19.656000
0.023928 18.928000
0.023940 18.928000
0.023952 19.656000
0.023964 18.928000
0.023976 19.656000
0.023988 19.656000
0.024000 18.928000
0.024012 18.928000
0.024024 19.656000
0.024036 19.656000
0.024048 18.928000
0.024060 19.656000
0.024072 18.928000
0.024084 19.656000
0.024096 18.928000
0.024108 18.928000
0.024120 18.928000
0.024132 19.656000
0.024144 18.928000
0.024156 19.656000
0.024168 19.656000
0.024180 19.656000
0.024192 18.928000
0.024204 19.656000
0.024216 19.656000
0.024228 19.656000
0.024240 18.928000
0.024252 19.656000
0.024264 19.656000
0.024276 18.928000
0.024288 19.656000
0.024300 18.928000
0.024312 18.928000
0.024324 19.656000
0.024336 18.928000
0.024348 19.656000
0.024360 18.928000
0.024372 18.928000
0.024384 18.928000
0.024396 18.928000
0.024408 18.928000
0.024420 18.928000
0.024432 18.928000
0.024444 18.928000
0.024456 19.656000
0.024468 18.928000
0.024480 18.928000
0.024492 18.200000
0.024504 19.656000
0.024516 18.928000
0.024528 18.928000
0.024540 18.928000
0.024552 18.200000
0.024564 18.928000
0.024576 18.928000
0.024588 18.200000
0.024600 18.928000
0.024612 18.200000
0.024624 18.928000
0.024636 18.200000
0.024648 18.200000
0.024660 18.200000
0.024672 18.200000
0.024684 18.200000
0.024696 18.928000
0.024708 18.200000
0.024720 18.200000
0.024732 18.928000
0.024744 18.200000
0.024756 18.200000
0.024768 18.200000
0.024780 18.200000
0.024792 18.200000
0.024804 18.200000
0.024816 17.472000
0.024828 18.928000
0.024840 18.200000
0.024852 18.200000
0.024864 18.200000
0.024876 18.928000
0.024888 18.928000
0.024900 18.200000
0.024912 18.200000
0.024924 18.928000
0.024936 18.200000
0.024948 18.928000
0.024960 18.200000
0.024972 18.200000
0.024984 18.928000
0.024996 18.200000
0.025008 18.200000
0.025020 18.200000
0.025032 18.928000
0.025044 18.200000
0.025056 18.200000
0.025068 18.928000
0.025080 18.200000
0.025092 18.200000
0.025104 18.928000
0.025116 18.200000
0.025128 18.200000
0.025140 18.200000
0.025152 18.200000
0.025164 18.200000
0.025176 18.200000
0.025188 18.200000
0.025200 18.200000
0.025212 18.200000
0.025224 18.928000
0.025236 18.200000
0.025248 18.200000
0.025260 18.200000
0.025272 18.200000
0.025284 17.472000
0.025296 18.200000
0.025308 18.200000
0.025320 18.200000
0.025332 18.200000
0.025344 18.200000
0.025356 18.928000
0.025368 18.200000
0.025380 18.200000
0.025392 18.200000
0.025404 18.928000
0.025416 18.200000
0.025428 18.200000
0.025440 18.928000
0.025452 18.200000
0.025464 18.928000
0.025476 18.200000
0.025488 18.928000
0.025500 18.200000
0.025512 18.928000
0.025524 18.200000
0.025536 18.200000
0.025548 18.928000
0.025560 18.200000
0.025572 18.928000
0.025584 17.472000
0.025596 18.200000
0.025608 18.200000
0.025620 18.200000
0.025632 17.472000
0.025644 18.200000
0.025656 18.200000
0.025668 17.472000
0.025680 17.472000
0.025692 18.200000
0.025704 17.472000
0.025716 18.200000
0.025728 17.472000
0.025740 17.472000
0.025752 17.472000
0.025764 18.200000
0.025776 18.200000
0.025788 17.472000
0.025800 17.472000
0.025812 18.200000
0.025824 17.472000
0.025836 17.472000
0.025848 17.472000
0.025860 17.472000
0.025872 18.200000
0.025884 17.472000
0.025896 18.200000
0.025908 17.472000
0.025920 18.200000
0.025932 17.472000
0.025944 17.472000
0.025956 18.200000
0.025968 17.472000
0.025980 17.472000
0.025992 17.472000
0.026004 17.472000
0.026016 17.472000
0.026028 17.472000
0.026040 17.472000
0.026052 18.200000
0.026064 17.472000
0.026076 17.472000
0.026088 17.472000
0.026100 17.472000
0.026112 17.472000
0.026124 17.472000
0.026136 17.472000
0.026148 17.472000
0.026160 17.472000
0.026172 17.472000
0.026184 17.472000
0.026196 17.472000
0.026208 17.472000
0.026220 17.472000
0.026232 17.472000
0.026244 17.472000
0.026256 17.472000
0.026268 17.472000
0.026280 17.472000
0.026292 17.472000
0.026304 17.472000
0.026316 16.744000
0.026328 17.472000
0.026340 17.472000
0.026352 17.472000
0.026364 16.744000
0.026376 17.472000
0.026388 17.472000
0.026400 17.472000
0.026412 17.472000
0.026424 17.472000
0.026436 17.472000
0.026448 17.472000
0.026460 17.472000
0.026472 17.472000
0.026484 16.744000
0.026496 18.200000
0.026508 17.472000
0.026520 17.472000
0.026532 17.472000
0.026544 18.200000
0.026556 17.472000
0.026568 17.472000
0.026580 18.200000
0.026592 17.472000
0.026604 17.472000
0.026616 17.472000
0.026628 17.472000
0.026640 18.200000
0.026652 17.472000
0.026664 17.472000
0.026676 17.472000
0.026688 18.200000
0.026700 17.472000
0.026712 18.200000
0.026724 17.472000
0.026736 18.200000
0.026748 17.472000
0.026760 18.200000
0.026772 17.472000
0.026784 18.200000
0.026796 17.472000
0.026808 18.200000
0.026820 17.472000
0.026832 17.472000
0.026844 18.200000
0.026856 17.472000
0.026868 17.472000
0.026880 18.200000
0.026892 17.472000
0.026904 18.200000
0.026916 17.472000
0.026928 18.200000
0.026940 17.472000
0.026952 18.200000
0.026964 18.200000
0.026976 17.472000
0.026988 17.472000
0.027000 18.200000
0.027012 17.472000
0.027024 17.472000
0.027036 17.472000
0.027048 18.200000
0.027060 17.472000
0.027072 17.472000
0.027084 18.200000
0.027096 18.200000
0.027108 17.472000
0.027120 17.472000
0.027132 18.200000
0.027144 18.200000
0.027156 17.472000
0.027168 18.200000
0.027180 17.472000
0.027192 17.472000
0.027204 18.200000
0.027216 17.472000
0.027228 18.200000
0.027240 17.472000
0.027252 17.472000
0.027264 18.200000
0.027276 17.472000
0.027288 17.472000
0.027300 17.472000
0.027312 17.472000
0.027324 17.472000
0.027336 18.200000
0.027348 17.472000
0.027360 17.472000
0.027372 16.744000
0.027384 17.472000
0.027396 17.472000
0.027408 18.200000
0.027420 16.744000
0.027432 17.472000
0.027444 17.472000
0.027456 16.744000
0.027468 17.472000
0.027480 16.744000
0.027492 17.472000
0.027504 16.744000
0.027516 16.744000
0.027528 17.472000
0.027540 16.744000
0.027552 16.744000
0.027564 17.472000
0.027576 16.744000
0.027588 16.744000
0.027600 16.744000
0.027612 17.472000
0.027624 16.744000
0.027636 16.744000
0.027648 16.744000
0.027660 17.472000
0.027672 16.744000
0.027684 16.744000
0.027696 17.472000
0.027708 16.744000
0.027720 16.744000
0.027732 16.744000
0.027744 17.472000
0.027756 16.744000
0.027768 16.744000
0.027780 16.744000
0.027792 16.744000
0.027804 17.472000
0.027816 16.744000
0.027828 16.744000
0.027840 16.744000
0.027852 16.744000
0.027864 16.744000
0.027876 16.744000
0.027888 16.016000
0.027900 16.744000
0.027912 16.744000
0.027924 16.016000
0.027936 16.744000
0.027948 16.744000
0.027960 16.016000
0.027972 16.744000
0.027984 16.016000
0.027996 16.744000
0.028008 16.016000
0.028020 16.016000
0.028032 16.016000
0.028044 16.016000
0.028056 16.016000
0.028068 16.744000
0.028080 16.016000
0.028092 16.016000
0.028104 16.016000
0.028116 16.016000
0.028128 16.744000
0.028140 16.016000
0.028152 16.016000
0.028164 16.744000
0.028176 16.016000
0.028188 16.016000
0.028200 16.016000
0.028212 16.016000
0.028224 16.016000
0.028236 16.016000
0.028248 16.744000
0.028260 16.016000
0.028272 16.016000
0.028284 16.744000
0.028296 16.744000
0.028308 16.016000
0.028320 16.744000
0.028332 16.016000
0.028344 16.744000
0.028356 16.016000
0.028368 16.744000
0.028380 16.016000
0.028392 16.016000
0.028404 16.744000
0.028416 16.016000
0.028428 16.744000
0.028440 16.744000
0.028452 16.016000
0.028464 16.744000
0.028476 16.016000
0.028488 16.744000
0.028500 16.016000
0.028512 16.744000
0.028524 16.016000
0.028536 16.016000
0.028548 16.744000
0.028560 16.016000
0.028572 16.744000
0.028584 16.744000
0.028596 16.016000
0.028608 16.744000
0.028620 16.744000
0.028632 16.744000
0.028644 16.744000
0.028656 16.744000
0.028668 17.472000
0.028680 16.016000
0.028692 16.744000
0.028704 16.744000
0.028716 16.744000
0.028728 16.744000
0.028740 16.744000
0.028752 16.744000
0.028764 16.744000
0.028776 16.744000
0.028788 16.016000
0.028800 17.472000
0.028812 16.016000
0.028824 16.744000
0.028836 16.744000
0.028848 16.016000
0.028860 16.744000
0.028872 16.744000
0.028884 16.744000
0.028896 16.744000
0.028908 16.744000
0.028920 16.744000
0.028932 16.744000
0.028944 16.744000
0.028956 16.744000
0.028968 16.744000
0.028980 16.016000
0.028992 16.744000
0.029004 16.744000
0.029016 16.744000
0.029028 16.744000
0.029040 16.016000
0.029052 16.744000
0.029064 16.744000
0.029076 16.016000
0.029088 16.744000
0.029100 16.744000
0.029112 16.016000
0.029124 16.744000
0.029136 16.016000
0.029148 16.744000
0.029160 17.472000
0.029172 16.744000
0.029184 16.744000
0.029196 17.472000
0.029208 17.472000
0.029220 16.744000
0.029232 17.472000
0.029244 17.472000
0.029256 17.472000
0.029268 17.472000
0.029280 17.472000
0.029292 16.744000
0.029304 17.472000
0.029316 17.472000
0.029328 16.744000
0.029340 17.472000
0.029352 16.744000
0.029364 17.472000
0.029376 16.744000
0.029388 17.472000
0.029400 16.744000
0.029412 17.472000
0.029424 17.472000
0.029436 17.472000
0.029448 17.472000
0.029460 16.744000
0.029472 17.472000
0.029484 17.472000
0.029496 16.744000
0.029508 17.472000
0.029520 17.472000
0.029532 17.472000
0.029544 17.472000
0.029556 18.200000
0.029568 17.472000
0.029580 17.472000
0.029592 17.472000
0.029604 17.472000
0.029616 17.472000
0.029628 16.744000
0.029640 17.472000
0.029652 17.472000
0.029664 17.472000
0.029676 17.472000
0.029688 16.744000
0.029700 17.472000
0.029712 17.472000
0.029724 17.472000
0.029736 17.472000
0.029748 17.472000
0.029760 17.472000
0.029772 17.472000
0.029784 17.472000
0.029796 16.744000
0.029808 17.472000
0.029820 16.744000
0.029832 17.472000
0.029844 17.472000
0.029856 16.744000
0.029868 16.744000
0.029880 17.472000
0.029892 17.472000
0.029904 16.744000
0.029916 17.472000
0.029928 16.744000
0.029940 18.200000
0.029952 16.744000
0.029964 17.472000
0.029976 17.472000
0.029988 16.744000
0.030000 17.472000
0.030012 17.472000
0.030024 16.744000
0.030036 17.472000
0.030048 16.744000
0.030060 17.472000
0.030072 17.472000
0.030084 16.744000
0.030096 17.472000
0.030108 16.744000
0.030120 16.744000
0.030132 17.472000
0.030144 16.744000
0.030156 17.472000
0.030168 17.472000
0.030180 16.744000
0.030192 16.744000
0.030204 17.472000
0.030216 17.472000
0.030228 17.472000
0.030240 16.744000
0.030252 17.472000
0.030264 17.472000
0.030276 17.472000
0.030288 17.472000
0.030300 17.472000
0.030312 16.744000
0.030324 17.472000
0.030336 17.472000
0.030348 16.744000
0.030360 17.472000
0.030372 16.744000
0.030384 17.472000
0.030396 17.472000
0.030408 17.472000
0.030420 16.744000
0.030432 17.472000
0.030444 17.472000
0.030456 17.472000
0.030468 17.472000
0.030480 17.472000
0.030492 17.472000
0.030504 16.744000
0.030516 17.472000
0.030528 17.472000
0.030540 17.472000
0.030552 16.744000
0.030564 17.472000
0.030576 16.744000
0.030588 17.472000
0.030600 17.472000
0.030612 16.744000
0.030624 17.472000
0.030636 17.472000
0.030648 16.744000
0.030660 17.472000
0.030672 16.744000
0.030684 17.472000
0.030696 16.744000
0.030708 17.472000
0.030720 16.744000
0.030732 16.744000
0.030744 17.472000
0.030756 17.472000
0.030768 16.744000
0.030780 16.744000
0.030792 16.744000
0.030804 17.472000
0.030816 16.744000
0.030828 16.744000
0.030840 17.472000
0.030852 16.744000
0.030864 17.472000
0.030876 16.744000
0.030888 17.472000
0.030900 17.472000
0.030912 16.744000
0.030924 17.472000
0.030936 17.472000
0.030948 17.472000
0.030960 16.744000
0.030972 17.472000
0.030984 17.472000
0.030996 17.472000
0.031008 17.472000
0.031020 16.744000
0.031032 17.472000
0.031044 16.744000
0.031056 17.472000
0.031068 17.472000
0.031080 17.472000
0.031092 17.472000
0.031104 17.472000
0.031116 16.744000
0.031128 17.472000
0.031140 17.472000
0.031152 17.472000
0.031164 17.472000
0.031176 17.472000
0.031188 17.472000
0.031200 17.472000
0.031212 17.472000
0.031224 17.472000
0.031236 16.744000
0.031248 17.472000
0.031260 17.472000
0.031272 17.472000
0.031284 16.744000
0.031296 17.472000
0.031308 17.472000
0.031320 16.744000
0.031332 16.744000
0.031344 17.472000
0.031356 16.744000
0.031368 16.744000
0.031380 16.744000
0.031392 16.744000
0.031404 16.744000
0.031416 16.744000
0.031428 17.472000
0.031440 16.744000
0.031452 16.744000
0.031464 16.744000
0.031476 16.744000
0.031488 16.744000
0.031500 16.744000
0.031512 16.744000
0.031524 16.744000
0.031536 16.744000
0.031548 16.744000
0.031560 16.744000
0.031572 16.744000
0.031584 16.744000
0.031596 16.744000
0.031608 16.744000
0.031620 16.744000
0.031632 16.744000
0.031644 16.744000
0.031656 17.472000
0.031668 16.744000
0.031680 16.744000
0.031692 16.016000
0.031704 16.744000
0.031716 16.744000
0.031728 16.744000
0.031740 16.744000
0.031752 16.744000
0.031764 16.744000
0.031776 16.744000
0.031788 17.472000
0.031800 16.016000
0.031812 17.472000
0.031824 17.472000
0.031836 16.744000
0.031848 18.200000
0.031860 17.472000
0.031872 17.472000
0.031884 17.472000
0.031896 17.472000
0.031908 17.472000
0.031920 17.472000
0.031932 17.472000
0.031944 17.472000
0.031956 17.472000
0.031968 17.472000
0.031980 17.472000
0.031992 17.472000
0.032004 16.744000
0.032016 17.472000
0.032028 17.472000
0.032040 17.472000
0.032052 17.472000
0.032064 17.472000
0.032076 17.472000
0.032088 17.472000
0.032100 17.472000
0.032112 17.472000
0.032124 17.472000
0.032136 17.472000
0.032148 16.744000
0.032160 17.472000
0.032172 18.200000
0.032184 17.472000
0.032196 17.472000
0.032208 17.472000
0.032220 17.472000
0.032232 17.472000
0.032244 17.472000
0.032256 18.200000
0.032268 18.200000
0.032280 18.200000
0.032292 18.200000
0.032304 17.472000
0.032316 18.200000
0.032328 18.200000
0.032340 17.472000
0.032352 17.472000
0.032364 18.200000
0.032376 18.200000
0.032388 17.472000
0.032400 18.200000
0.032412 18.200000
0.032424 18.200000
0.032436 17.472000
0.032448 18.200000
0.032460 18.200000
0.032472 18.200000
0.032484 18.200000
0.032496 17.472000
0.032508 18.200000
0.032520 18.200000
0.032532 18.200000
0.032544 18.200000
0.032556 18.200000
0.032568 17.472000
0.032580 18.928000
0.032592 18.200000
0.032604 18.200000
0.032616 17.472000
0.032628 18.200000
0.032640 18.200000
0.032652 18.200000
0.032664 18.200000
0.032676 18.200000
0.032688 18.928000
0.032700 17.472000
0.032712 18.200000
0.032724 18.200000
0.032736 18.200000
0.032748 18.200000
0.032760 17.472000
0.032772 18.200000
0.032784 18.200000
0.032796 17.472000
0.032808 18.200000
0.032820 18.200000
0.032832 17.472000
0.032844 18.200000
0.032856 18.200000
0.032868 17.472000
0.032880 18.200000
0.032892 18.200000
0.032904 17.472000
0.032916 18.200000
0.032928 18.200000
0.032940 17.472000
0.032952 18.200000
0.032964 18.200000
0.032976 17.472000
0.032988 18.200000
0.033000 18.200000
0.033012 18.200000
0.033024 18.200000
0.033036 17.472000
0.033048 18.200000
0.033060 18.928000
0.033072 18.200000
0.033084 18.200000
0.033096 18.200000
0.033108 18.200000
0.033120 18.200000
0.033132 18.200000
0.033144 18.200000
0.033156 18.200000
0.033168 18.200000
0.033180 18.200000
0.033192 18.200000
0.033204 18.200000
0.033216 18.200000
0.033228 18.200000
0.033240 17.472000
0.033252 18.200000
0.033264 18.200000
0.033276 18.200000
0.033288 17.472000
0.033300 18.200000
0.033312 18.200000
0.033324 18.200000
0.033336 18.200000
0.033348 17.472000
0.033360 18.200000
0.033372 17.472000
0.033384 17.472000
0.033396 17.472000
0.033408 17.472000
0.033420 17.472000
0.033432 17.472000
0.033444 16.744000
0.033456 16.744000
0.033468 17.472000
0.033480 16.744000
0.033492 16.744000
0.033504 16.744000
0.033516 16.744000
0.033528 16.744000
0.033540 17.472000
0.033552 16.744000
0.033564 17.472000
0.033576 16.744000
0.033588 17.472000
0.033600 16.744000
0.033612 17.472000
0.033624 17.472000
0.033636 16.744000
0.033648 17.472000
0.033660 17.472000
0.033672 17.472000
0.033684 16.744000
0.033696 18.200000
0.033708 16.744000
0.033720 17.472000
0.033732 16.744000
0.033744 17.472000
0.033756 16.744000
0.033768 16.744000
0.033780 17.472000
0.033792 16.744000
0.033804 16.744000
0.033816 16.744000
0.033828 16.744000
0.033840 17.472000
0.033852 16.744000
0.033864 16.744000
0.033876 17.472000
0.033888 16.744000
0.033900 17.472000
0.033912 16.744000
0.033924 16.744000
0.033936 17.472000
0.033948 16.744000
0.033960 16.744000
0.033972 16.744000
0.033984 16.744000
0.033996 16.016000
0.034008 16.744000
0.034020 16.744000
0.034032 16.744000
0.034044 16.016000
0.034056 16.744000
0.034068 16.016000
0.034080 16.744000
0.034092 16.016000
0.034104 16.744000
0.034116 16.016000
0.034128 16.744000
0.034140 16.016000
0.034152 16.744000
0.034164 16.016000
0.034176 16.744000
0.034188 16.016000
0.034200 16.016000
0.034212 16.016000
0.034224 16.744000
0.034236 16.016000
0.034248 16.016000
0.034260 16.016000
0.034272 16.016000
0.034284 16.016000
0.034296 16.016000
0.034308 16.016000
0.034320 16.016000
0.034332 16.016000
0.034344 16.016000
0.034356 16.016000
0.034368 15.288000
0.034380 16.016000
0.034392 16.016000
0.034404 16.016000
0.034416 16.016000
0.034428 15.288000
0.034440 16.016000
0.034452 16.016000
0.034464 16.016000
0.034476 16.016000
0.034488 16.016000
0.034500 16.016000
0.034512 16.016000
0.034524 15.288000
0.034536 16.016000
0.034548 16.016000
0.034560 16.016000
0.034572 16.016000
0.034584 15.288000
0.034596 16.016000
0.034608 15.288000
0.034620 16.016000
0.034632 15.288000
0.034644 15.288000
0.034656 16.016000
0.034668 15.288000
0.034680 16.016000
0.034692 15.288000
0.034704 16.016000
0.034716 16.016000
0.034728 15.288000
0.034740 16.016000
0.034752 16.016000
0.034764 15.288000
0.034776 16.016000
0.034788 15.288000
0.034800 16.016000
0.034812 15.288000
0.034824 16.016000
0.034836 15.288000
0.034848 16.016000
0.034860 15.288000
0.034872 16.016000
0.034884 15.288000
0.034896 15.288000
0.034908 16.016000
0.034920 16.016000
0.034932 15.288000
0.034944 16.016000
0.034956 15.288000
0.034968 16.016000
0.034980 16.016000
0.034992 15.288000
0.035004 16.016000
0.035016 15.288000
0.035028 16.016000
0.035040 16.016000
0.035052 15.288000
0.035064 16.016000
0.035076 15.288000
0.035088 16.016000
0.035100 16.016000
0.035112 15.288000
0.035124 16.016000
0.035136 15.288000
0.035148 16.016000
0.035160 16.744000
0.035172 15.288000
0.035184 16.744000
0.035196 16.016000
0.035208 16.016000
0.035220 16.016000
0.035232 16.016000
0.035244 16.016000
0.035256 16.016000
0.035268 15.288000
0.035280 16.016000
0.035292 16.016000
0.035304 16.016000
0.035316 16.016000
0.035328 16.016000
0.035340 16.016000
0.035352 15.288000
0.035364 16.016000
0.035376 16.016000
0.035388 16.016000
0.035400 16.016000
0.035412 15.288000
0.035424 16.016000
0.035436 16.016000
0.035448 16.016000
0.035460 16.016000
0.035472 16.016000
0.035484 16.016000
0.035496 16.016000
0.035508 16.016000
0.035520 16.016000
0.035532 16.016000
0.035544 16.016000
0.035556 16.016000
0.035568 16.016000
0.035580 16.016000
0.035592 16.016000
0.035604 16.016000
0.035616 15.288000
0.035628 16.016000
0.035640 16.016000
0.035652 15.288000
0.035664 15.288000
0.035676 16.016000
0.035688 15.288000
0.035700 16.016000
0.035712 15.288000
0.035724 15.288000
0.035736 16.016000
0.035748 15.288000
0.035760 16.016000
0.035772 15.288000
0.035784 16.016000
0.035796 16.016000
0.035808 15.288000
0.035820 15.288000
0.035832 16.016000
0.035844 15.288000
0.035856 15.288000
0.035868 16.016000
0.035880 15.288000
0.035892 15.288000
0.035904 15.288000
0.035916 16.016000
0.035928 15.288000
0.035940 15.288000
0.035952 16.016000
0.035964 15.288000
0.035976 15.288000
0.035988 15.288000
0.036000 15.288000
0.036012 15.288000
0.036024 16.016000
0.036036 14.560000
0.036048 15.288000
0.036060 16.016000
0.036072 15.288000
0.036084 14.560000
0.036096 16.016000
0.036108 15.288000
0.036120 15.288000
0.036132 15.288000
0.036144 15.288000
0.036156 15.288000
0.036168 15.288000
0.036180 15.288000
0.036192 15.288000
0.036204 16.016000
0.036216 15.288000
0.036228 15.288000
0.036240 15.288000
0.036252 14.560000
0.036264 14.560000
0.036276 15.288000
0.036288 15.288000
0.036300 15.288000
0.036312 15.288000
0.036324 15.288000
0.036336 14.560000
0.036348 14.560000
0.036360 15.288000
0.036372 15.288000
0.036384 14.560000
0.036396 15.288000
0.036408 15.288000
0.036420 14.560000
0.036432 15.288000
0.036444 15.288000
0.036456 15.288000
0.036468 15.288000
0.036480 15.288000
0.036492 15.288000
0.036504 15.288000
0.036516 15.288000
0.036528 15.288000
0.036540 15.288000
0.036552 15.288000
0.036564 15.288000
0.036576 15.288000
0.036588 15.288000
0.036600 15.288000
0.036612 15.288000
0.036624 15.288000
0.036636 15.288000
0.036648 16.016000
0.036660 15.288000
0.036672 14.560000
0.036684 15.288000
0.036696 15.288000
0.036708 15.288000
0.036720 14.560000
0.036732 15.288000
0.036744 14.560000
0.036756 15.288000
0.036768 15.288000
0.036780 14.560000
0.036792 15.288000
0.036804 15.288000
0.036816 15.288000
0.036828 15.288000
0.036840 15.288000
0.036852 15.288000
0.036864 14.560000
0.036876 15.288000
0.036888 15.288000
0.036900 14.560000
0.036912 15.288000
0.036924 15.288000
0.036936 14.560000
0.036948 14.560000
0.036960 15.288000
0.036972 14.560000
0.036984 14.560000
0.036996 15.288000
0.037008 14.560000
0.037020 14.560000
0.037032 15.288000
0.037044 14.560000
0.037056 15.288000
0.037068 15.288000
0.037080 15.288000
0.037092 15.288000
0.037104 15.288000
0.037116 14.560000
0.037128 15.288000
0.037140 14.560000
0.037152 15.288000
0.037164 15.288000
0.037176 14.560000
0.037188 15.288000
0.037200 15.288000
0.037212 15.288000
0.037224 15.288000
0.037236 15.288000
0.037248 14.560000
0.037260 16.016000
0.037272 14.560000
0.037284 14.560000
0.037296 15.288000
0.037308 15.288000
0.037320 14.560000
0.037332 14.560000
0.037344 14.560000
0.037356 15.288000
0.037368 14.560000
0.037380 14.560000
0.037392 14.560000
0.037404 13.832000
0.037416 14.560000
0.037428 14.560000
0.037440 14.560000
0.037452 14.560000
0.037464 14.560000
0.037476 14.560000
0.037488 15.288000
0.037500 14.560000
0.037512 15.288000
0.037524 14.560000
0.037536 15.288000
0.037548 15.288000
0.037560 14.560000
0.037572 15.288000
0.037584 14.560000
0.037596 15.288000
0.037608 14.560000
0.037620 15.288000
0.037632 14.560000
0.037644 14.560000
0.037656 14.560000
0.037668 14.560000
0.037680 14.560000
0.037692 14.560000
0.037704 14.560000
0.037716 15.288000
0.037728 14.560000
0.037740 14.560000
0.037752 15.288000
0.037764 14.560000
0.037776 15.288000
0.037788 14.560000
0.037800 15.288000
0.037812 14.560000
0.037824 15.288000
0.037836 14.560000
0.037848 15.288000
0.037860 14.560000
0.037872 15.288000
0.037884 14.560000
0.037896 15.288000
0.037908 14.560000
0.037920 15.288000
0.037932 15.288000
0.037944 14.560000
0.037956 15.288000
0.037968 15.288000
0.037980 15.288000
0.037992 14.560000
0.038004 15.288000
0.038016 15.288000
0.038028 15.288000
0.038040 15.288000
0.038052 15.288000
0.038064 16.016000
0.038076 15.288000
0.038088 15.288000
0.038100 16.016000
0.038112 15.288000
0.038124 16.016000
0.038136 15.288000
0.038148 16.016000
0.038160 15.288000
0.038172 16.016000
0.038184 15.288000
0.038196 16.016000
0.038208 15.288000
0.038220 16.016000
0.038232 15.288000
0.038244 16.016000
0.038256 15.288000
0.038268 16.016000
0.038280 15.288000
0.038292 16.016000
0.038304 16.016000
0.038316 15.288000
0.038328 16.016000
0.038340 16.016000
0.038352 15.288000
0.038364 16.016000
0.038376 15.288000
0.038388 15.288000
0.038400 16.016000
0.038412 15.288000
0.038424 15.288000
0.038436 16.016000
0.038448 16.016000
0.038460 16.016000
0.038472 16.016000
0.038484 15.288000
0.038496 16.016000
0.038508 16.016000
0.038520 16.016000
0.038532 16.016000
0.038544 16.016000
0.038556 16.016000
0.038568 16.016000
0.038580 15.288000
0.038592 16.016000
0.038604 16.016000
0.038616 16.016000
0.038628 15.288000
0.038640 16.016000
0.038652 16.016000
0.038664 16.016000
0.038676 15.288000
0.038688 16.016000
0.038700 16.016000
0.038712 15.288000
0.038724 16.016000
0.038736 16.016000
0.038748 16.016000
0.038760 15.288000
0.038772 16.016000
0.038784 16.016000
0.038796 16.016000
0.038808 15.288000
0.038820 16.016000
0.038832 15.288000
0.038844 16.016000
0.038856 15.288000
0.038868 16.016000
0.038880 15.288000
0.038892 16.016000
0.038904 16.016000
0.038916 16.016000
0.038928 15.288000
0.038940 16.016000
0.038952 16.016000
0.038964 16.016000
0.038976 15.288000
0.038988 16.016000
0.039000 16.016000
0.039012 15.288000
0.039024 16.016000
0.039036 16.016000
0.039048 16.016000
0.039060 16.016000
0.039072 16.016000
0.039084 16.016000
0.039096 16.016000
0.039108 16.016000
0.039120 16.016000
0.039132 16.016000
0.039144 16.016000
0.039156 16.016000
0.039168 16.016000
0.039180 16.016000
0.039192 16.016000
0.039204 16.016000
0.039216 16.016000
0.039228 15.288000
0.039240 16.016000
0.039252 15.288000
0.039264 15.288000
0.039276 16.016000
0.039288 15.288000
0.039300 16.016000
0.039312 15.288000
0.039324 15.288000
0.039336 16.016000
0.039348 15.288000
0.039360 15.288000
0.039372 16.016000
0.039384 15.288000
0.039396 15.288000
0.039408 15.288000
0.039420 15.288000
0.039432 15.288000
0.039444 16.016000
0.039456 15.288000
0.039468 15.288000
0.039480 16.016000
0.039492 15.288000
0.039504 16.016000
0.039516 16.016000
0.039528 15.288000
0.039540 16.016000
0.039552 15.288000
0.039564 16.016000
0.039576 16.016000
0.039588 16.744000
0.039600 16.016000
0.039612 16.016000
0.039624 16.744000
0.039636 16.016000
0.039648 16.016000
0.039660 16.744000
0.039672 16.744000
0.039684 16.744000
0.039696 16.744000
0.039708 16.016000
0.039720 16.744000
0.039732 16.744000
0.039744 16.016000
0.039756 16.016000
0.039768 16.744000
0.039780 16.744000
0.039792 16.744000
0.039804 16.744000
0.039816 16.744000
0.039828 16.744000
0.039840 16.744000
0.039852 16.744000
0.039864 17.472000
0.039876 16.744000
0.039888 16.744000
0.039900 17.472000
0.039912 16.744000
0.039924 16.744000
0.039936 16.744000
0.039948 16.744000
0.039960 16.744000
0.039972 16.744000
0.039984 17.472000
0.039996 16.744000
0.040008 16.744000
0.040020 17.472000
0.040032 17.472000
0.040044 16.744000
0.040056 17.472000
0.040068 16.744000
0.040080 16.744000
0.040092 17.472000
0.040104 16.744000
0.040116 16.744000
0.040128 16.744000
0.040140 16.744000
0.040152 16.744000
0.040164 17.472000
0.040176 16.016000
0.040188 17.472000
0.040200 16.744000
0.040212 16.744000
0.040224 16.744000
0.040236 16.744000
0.040248 17.472000
0.040260 16.744000
0.040272 16.744000
0.040284 16.744000
0.040296 16.744000
0.040308 16.744000
0.040320 16.744000
0.040332 16.744000
0.040344 16.744000
0.040356 17.472000
0.040368 16.744000
0.040380 17.472000
0.040392 16.744000
0.040404 16.744000
0.040416 17.472000
0.040428 17.472000
0.040440 16.744000
0.040452 16.744000
0.040464 17.472000
0.040476 16.744000
0.040488 16.744000
0.040500 17.472000
0.040512 16.744000
0.040524 16.744000
0.040536 17.472000
0.040548 17.472000
0.040560 16.744000
0.040572 17.472000
0.040584 16.744000
0.040596 17.472000
0.040608 16.744000
0.040620 17.472000
0.040632 16.744000
0.040644 16.744000
0.040656 17.472000
0.040668 16.744000
0.040680 16.744000
0.040692 16.744000
0.040704 16.744000
0.040716 16.744000
0.040728 16.744000
0.040740 16.744000
0.040752 17.472000
0.040764 16.744000
0.040776 16.744000
0.040788 16.744000
0.040800 16.744000
0.040812 16.744000
0.040824 17.472000
0.040836 16.744000
0.040848 16.744000
0.040860 17.472000
0.040872 16.016000
0.040884 17.472000
0.040896 16.744000
0.040908 17.472000
0.040920 16.744000
0.040932 17.472000
0.040944 16.744000
0.040956 17.472000
0.040968 16.744000
0.040980 17.472000
0.040992 17.472000
0.041004 16.744000
0.041016 17.472000
0.041028 17.472000
0.041040 17.472000
0.041052 17.472000
0.041064 17.472000
0.041076 17.472000
0.041088 16.744000
0.041100 17.472000
0.041112 16.744000
0.041124 17.472000
0.041136 16.744000
0.041148 16.744000
0.041160 16.744000
0.041172 16.744000
0.041184 17.472000
0.041196 16.744000
0.041208 16.744000
0.041220 16.744000
0.041232 16.744000
0.041244 17.472000
0.041256 16.744000
0.041268 16.744000
0.041280 16.744000
0.041292 16.744000
0.041304 16.744000
0.041316 16.016000
0.041328 16.744000
0.041340 16.016000
0.041352 16.744000
0.041364 16.016000
0.041376 16.744000
0.041388 16.016000
0.041400 16.744000
0.041412 16.016000
0.041424 15.288000
0.041436 16.016000
0.041448 16.016000
0.041460 16.016000
0.041472 16.016000
0.041484 16.744000
0.041496 16.016000
0.041508 16.744000
0.041520 16.016000
0.041532 16.016000
0.041544 16.016000
0.041556 16.744000
0.041568 16.016000
0.041580 16.016000
0.041592 16.744000
0.041604 16.016000
0.041616 16.016000
0.041628 16.744000
0.041640 16.016000
0.041652 16.016000
0.041664 16.744000
0.041676 16.744000
0.041688 16.016000
0.041700 16.016000
0.041712 16.744000
0.041724 16.744000
0.041736 16.016000
0.041748 16.016000
0.041760 16.744000
0.041772 16.016000
0.041784 16.744000
0.041796 16.016000
0.041808 16.016000
0.041820 16.744000
0.041832 16.016000
0.041844 16.016000
0.041856 16.016000
0.041868 16.744000
0.041880 15.288000
0.041892 16.744000
0.041904 15.288000
0.041916 16.016000
0.041928 16.016000
0.041940 15.288000
0.041952 16.016000
0.041964 16.016000
0.041976 16.016000
0.041988 16.016000
0.042000 15.288000
0.042012 16.016000
0.042024 16.016000
0.042036 15.288000
0.042048 16.016000
0.042060 15.288000
0.042072 16.016000
0.042084 15.288000
0.042096 16.016000
0.042108 15.288000
0.042120 16.016000
0.042132 15.288000
0.042144 16.016000
0.042156 15.288000
0.042168 16.016000
0.042180 15.288000
0.042192 16.016000
0.042204 15.288000
0.042216 15.288000
0.042228 15.288000
0.042240 16.016000
0.042252 15.288000
0.042264 15.288000
0.042276 15.288000
0.042288 15.288000
0.042300 15.288000
0.042312 15.288000
0.042324 14.560000
0.042336 15.288000
0.042348 15.288000
0.042360 15.288000
0.042372 15.288000
0.042384 15.288000
0.042396 15.288000
0.042408 15.288000
0.042420 15.288000
0.042432 15.288000
0.042444 15.288000
0.042456 15.288000
0.042468 15.288000
0.042480 15.288000
0.042492 15.288000
0.042504 15.288000
0.042516 15.288000
0.042528 16.016000
0.042540 15.288000
0.042552 15.288000
0.042564 15.288000
0.042576 16.016000
0.042588 15.288000
0.042600 16.016000
0.042612 15.288000
0.042624 15.288000
0.042636 15.288000
0.042648 16.016000
0.042660 15.288000
0.042672 15.288000
0.042684 15.288000
0.042696 16.016000
0.042708 15.288000
0.042720 15.288000
0.042732 16.016000
0.042744 15.288000
0.042756 15.288000
0.042768 15.288000
0.042780 15.288000
0.042792 15.288000
0.042804 15.288000
0.042816 15.288000
0.042828 15.288000
0.042840 15.288000
0.042852 15.288000
0.042864 15.288000
0.042876 14.560000
0.042888 15.288000
0.042900 14.560000
0.042912 15.288000
0.042924 15.288000
0.042936 15.288000
0.042948 15.288000
0.042960 14.560000
0.042972 15.288000
0.042984 15.288000
0.042996 15.288000
0.043008 14.560000
0.043020 15.288000
0.043032 15.288000
0.043044 15.288000
0.043056 15.288000
0.043068 15.288000
0.043080 15.288000
0.043092 15.288000
0.043104 15.288000
0.043116 15.288000
0.043128 15.288000
0.043140 14.560000
0.043152 15.288000
0.043164 15.288000
0.043176 15.288000
0.043188 15.288000
0.043200 15.288000
0.043212 15.288000
0.043224 15.288000
0.043236 15.288000
0.043248 15.288000
0.043260 15.288000
0.043272 15.288000
0.043284 15.288000
0.043296 15.288000
0.043308 15.288000
0.043320 15.288000
0.043332 15.288000
0.043344 15.288000
0.043356 15.288000
0.043368 15.288000
0.043380 15.288000
0.043392 15.288000
0.043404 15.288000
0.043416 15.288000
0.043428 14.560000
0.043440 15.288000
0.043452 14.560000
0.043464 15.288000
0.043476 15.288000
0.043488 15.288000
0.043500 15.288000
0.043512 14.560000
0.043524 16.016000
0.043536 15.288000
0.043548 15.288000
0.043560 15.288000
0.043572 15.288000
0.043584 16.016000
0.043596 15.288000
0.043608 15.288000
0.043620 16.016000
0.043632 15.288000
0.043644 15.288000
0.043656 15.288000
0.043668 15.288000
0.043680 15.288000
0.043692 15.288000
0.043704 15.288000
0.043716 15.288000
0.043728 15.288000
0.043740 15.288000
0.043752 15.288000
0.043764 15.288000
0.043776 15.288000
0.043788 15.288000
0.043800 16.016000
0.043812 15.288000
0.043824 15.288000
0.043836 15.288000
0.043848 16.016000
0.043860 15.288000
0.043872 15.288000
0.043884 16.016000
0.043896 15.288000
0.043908 16.016000
0.043920 15.288000
0.043932 15.288000
0.043944 15.288000
0.043956 16.016000
0.043968 15.288000
0.043980 15.288000
0.043992 16.016000
0.044004 15.288000
0.044016 16.016000
0.044028 15.288000
0.044040 16.016000
0.044052 15.288000
0.044064 15.288000
0.044076 15.288000
0.044088 15.288000
0.044100 14.560000
0.044112 15.288000
0.044124 14.560000
0.044136 15.288000
0.044148 14.560000
0.044160 14.560000
0.044172 15.288000
0.044184 14.560000
0.044196 14.560000
0.044208 14.560000
0.044220 15.288000
0.044232 14.560000
0.044244 15.288000
0.044256 14.560000
0.044268 14.560000
0.044280 15.288000
0.044292 14.560000
0.044304 14.560000
0.044316 14.560000
0.044328 14.560000
0.044340 14.560000
0.044352 15.288000
0.044364 14.560000
0.044376 14.560000
0.044388 14.560000
0.044400 14.560000
0.044412 14.560000
0.044424 14.560000
0.044436 14.560000
0.044448 14.560000
0.044460 14.560000
0.044472 14.560000
0.044484 13.832000
0.044496 14.560000
0.044508 13.832000
0.044520 14.560000
0.044532 14.560000
0.044544 13.832000
0.044556 13.832000
0.044568 14.560000
0.044580 13.832000
0.044592 14.560000
0.044604 14.560000
0.044616 14.560000
0.044628 13.832000
0.044640 14.560000
0.044652 14.560000
0.044664 13.832000
0.044676 14.560000
0.044688 14.560000
0.044700 14.560000
0.044712 14.560000
0.044724 13.832000
0.044736 14.560000
0.044748 13.832000
0.044760 14.560000
0.044772 13.832000
0.044784 14.560000
0.044796 13.832000
0.044808 13.832000
0.044820 14.560000
0.044832 13.832000
0.044844 13.832000
0.044856 14.560000
0.044868 13.832000
0.044880 13.832000
