#Time(s)	Thru(Gbps)
0.000012 0.000000
0.000024 0.000000
0.000036 0.000000
0.000048 0.000000
0.000060 0.000000
0.000072 0.000000
0.000084 0.000000
0.000096 0.000000
0.000108 0.000000
0.000120 0.000000
0.000132 0.000000
0.000144 0.000000
0.000156 0.000000
0.000168 0.000000
0.000180 0.000000
0.000192 0.000000
0.000204 0.000000
0.000216 0.000000
0.000228 0.000000
0.000240 0.000000
0.000252 0.000000
0.000264 0.000000
0.000276 0.000000
0.000288 0.000000
0.000300 0.000000
0.000312 0.000000
0.000324 0.000000
0.000336 0.000000
0.000348 0.000000
0.000360 0.000000
0.000372 0.000000
0.000384 0.000000
0.000396 0.000000
0.000408 0.000000
0.000420 0.000000
0.000432 0.000000
0.000444 0.000000
0.000456 0.000000
0.000468 0.000000
0.000480 0.000000
0.000492 0.000000
0.000504 0.000000
0.000516 0.000000
0.000528 0.000000
0.000540 0.000000
0.000552 0.000000
0.000564 0.000000
0.000576 0.000000
0.000588 0.000000
0.000600 0.000000
0.000612 0.000000
0.000624 0.000000
0.000636 0.000000
0.000648 0.000000
0.000660 0.000000
0.000672 0.000000
0.000684 0.000000
0.000696 0.000000
0.000708 0.000000
0.000720 0.000000
0.000732 0.000000
0.000744 0.000000
0.000756 0.000000
0.000768 0.000000
0.000780 0.000000
0.000792 0.000000
0.000804 0.000000
0.000816 0.000000
0.000828 0.000000
0.000840 0.000000
0.000852 0.000000
0.000864 0.000000
0.000876 0.000000
0.000888 0.000000
0.000900 0.000000
0.000912 0.000000
0.000924 0.000000
0.000936 0.000000
0.000948 0.000000
0.000960 0.000000
0.000972 0.000000
0.000984 0.000000
0.000996 0.000000
0.001008 0.000000
0.001020 0.000000
0.001032 0.000000
0.001044 0.000000
0.001056 0.000000
0.001068 0.000000
0.001080 0.000000
0.001092 0.000000
0.001104 0.000000
0.001116 0.000000
0.001128 0.000000
0.001140 0.000000
0.001152 0.000000
0.001164 0.000000
0.001176 0.000000
0.001188 0.000000
0.001200 0.000000
0.001212 0.000000
0.001224 0.000000
0.001236 0.000000
0.001248 0.000000
0.001260 0.000000
0.001272 0.000000
0.001284 0.000000
0.001296 0.000000
0.001308 0.000000
0.001320 0.000000
0.001332 0.000000
0.001344 0.000000
0.001356 0.000000
0.001368 0.000000
0.001380 0.000000
0.001392 0.000000
0.001404 0.000000
0.001416 0.000000
0.001428 0.000000
0.001440 0.000000
0.001452 0.000000
0.001464 0.000000
0.001476 0.000000
0.001488 0.000000
0.001500 0.000000
0.001512 0.000000
0.001524 0.000000
0.001536 0.000000
0.001548 0.000000
0.001560 0.000000
0.001572 0.000000
0.001584 0.000000
0.001596 0.000000
0.001608 0.000000
0.001620 0.000000
0.001632 0.000000
0.001644 0.000000
0.001656 0.000000
0.001668 0.000000
0.001680 0.000000
0.001692 0.000000
0.001704 0.000000
0.001716 0.000000
0.001728 0.000000
0.001740 0.000000
0.001752 0.000000
0.001764 0.000000
0.001776 0.000000
0.001788 0.000000
0.001800 0.000000
0.001812 0.000000
0.001824 0.000000
0.001836 0.000000
0.001848 0.000000
0.001860 0.000000
0.001872 0.000000
0.001884 0.000000
0.001896 0.000000
0.001908 0.000000
0.001920 0.000000
0.001932 0.000000
0.001944 0.000000
0.001956 0.000000
0.001968 0.000000
0.001980 0.000000
0.001992 0.000000
0.002004 0.000000
0.002016 0.000000
0.002028 0.000000
0.002040 0.000000
0.002052 0.000000
0.002064 0.000000
0.002076 0.000000
0.002088 0.000000
0.002100 0.000000
0.002112 0.000000
0.002124 0.000000
0.002136 0.000000
0.002148 0.000000
0.002160 0.000000
0.002172 0.000000
0.002184 0.000000
0.002196 0.000000
0.002208 0.000000
0.002220 0.000000
0.002232 0.000000
0.002244 0.000000
0.002256 0.000000
0.002268 0.000000
0.002280 0.000000
0.002292 0.000000
0.002304 0.000000
0.002316 0.000000
0.002328 0.000000
0.002340 0.000000
0.002352 0.000000
0.002364 0.000000
0.002376 0.000000
0.002388 0.000000
0.002400 0.000000
0.002412 0.000000
0.002424 0.000000
0.002436 0.000000
0.002448 0.000000
0.002460 0.000000
0.002472 0.000000
0.002484 0.000000
0.002496 0.000000
0.002508 0.000000
0.002520 0.000000
0.002532 0.000000
0.002544 0.000000
0.002556 0.000000
0.002568 0.000000
0.002580 0.000000
0.002592 0.000000
0.002604 0.000000
0.002616 0.000000
0.002628 0.000000
0.002640 0.000000
0.002652 0.000000
0.002664 0.000000
0.002676 0.000000
0.002688 0.000000
0.002700 0.000000
0.002712 0.000000
0.002724 0.000000
0.002736 0.000000
0.002748 0.000000
0.002760 0.000000
0.002772 0.000000
0.002784 0.000000
0.002796 0.000000
0.002808 0.000000
0.002820 0.000000
0.002832 0.000000
0.002844 0.000000
0.002856 0.000000
0.002868 0.000000
0.002880 0.000000
0.002892 0.000000
0.002904 0.000000
0.002916 0.000000
0.002928 0.000000
0.002940 0.000000
0.002952 0.000000
0.002964 0.000000
0.002976 0.000000
0.002988 0.000000
0.003000 0.000000
0.003012 37.856000
0.003024 50.232000
0.003036 37.856000
0.003048 50.232000
0.003060 44.408000
0.003072 46.592000
0.003084 48.776000
0.003096 45.864000
0.003108 48.048000
0.003120 45.864000
0.003132 46.592000
0.003144 46.592000
0.003156 45.864000
0.003168 45.136000
0.003180 45.864000
0.003192 45.136000
0.003204 45.864000
0.003216 45.136000
0.003228 45.136000
0.003240 44.408000
0.003252 44.408000
0.003264 44.408000
0.003276 45.136000
0.003288 43.680000
0.003300 44.408000
0.003312 43.680000
0.003324 43.680000
0.003336 44.408000
0.003348 43.680000
0.003360 42.952000
0.003372 44.408000
0.003384 42.952000
0.003396 42.952000
0.003408 43.680000
0.003420 42.952000
0.003432 42.952000
0.003444 42.952000
0.003456 42.224000
0.003468 42.952000
0.003480 42.224000
0.003492 42.952000
0.003504 42.224000
0.003516 42.224000
0.003528 42.224000
0.003540 42.224000
0.003552 42.224000
0.003564 42.224000
0.003576 42.224000
0.003588 41.496000
0.003600 42.224000
0.003612 41.496000
0.003624 41.496000
0.003636 41.496000
0.003648 41.496000
0.003660 41.496000
0.003672 40.768000
0.003684 41.496000
0.003696 40.768000
0.003708 40.768000
0.003720 41.496000
0.003732 40.768000
0.003744 40.768000
0.003756 40.040000
0.003768 40.768000
0.003780 40.768000
0.003792 40.768000
0.003804 40.768000
0.003816 40.040000
0.003828 40.040000
0.003840 40.768000
0.003852 40.040000
0.003864 40.040000
0.003876 40.040000
0.003888 40.040000
0.003900 40.040000
0.003912 40.040000
0.003924 40.040000
0.003936 39.312000
0.003948 39.312000
0.003960 39.312000
0.003972 40.040000
0.003984 40.040000
0.003996 39.312000
0.004008 32.032000
0.004020 19.656000
0.004032 15.288000
0.004044 21.112000
0.004056 21.112000
0.004068 18.928000
0.004080 22.568000
0.004092 19.656000
0.004104 21.112000
0.004116 21.840000
0.004128 20.384000
0.004140 21.840000
0.004152 21.112000
0.004164 21.112000
0.004176 21.112000
0.004188 21.112000
0.004200 21.112000
0.004212 21.840000
0.004224 21.840000
0.004236 21.112000
0.004248 22.568000
0.004260 21.840000
0.004272 21.112000
0.004284 22.568000
0.004296 21.840000
0.004308 21.840000
0.004320 22.568000
0.004332 21.840000
0.004344 21.840000
0.004356 22.568000
0.004368 21.840000
0.004380 21.840000
0.004392 22.568000
0.004404 22.568000
0.004416 21.840000
0.004428 22.568000
0.004440 22.568000
0.004452 22.568000
0.004464 22.568000
0.004476 22.568000
0.004488 22.568000
0.004500 22.568000
0.004512 22.568000
0.004524 23.296000
0.004536 22.568000
0.004548 22.568000
0.004560 23.296000
0.004572 22.568000
0.004584 23.296000
0.004596 22.568000
0.004608 23.296000
0.004620 22.568000
0.004632 22.568000
0.004644 23.296000
0.004656 23.296000
0.004668 22.568000
0.004680 23.296000
0.004692 23.296000
0.004704 23.296000
0.004716 23.296000
0.004728 23.296000
0.004740 23.296000
0.004752 23.296000
0.004764 23.296000
0.004776 23.296000
0.004788 24.024000
0.004800 23.296000
0.004812 24.024000
0.004824 23.296000
0.004836 24.024000
0.004848 24.024000
0.004860 24.024000
0.004872 24.024000
0.004884 24.024000
0.004896 24.752000
0.004908 24.024000
0.004920 24.752000
0.004932 24.024000
0.004944 24.752000
0.004956 24.752000
0.004968 24.752000
0.004980 24.752000
0.004992 24.024000
0.005004 24.752000
0.005016 24.752000
0.005028 24.752000
0.005040 24.752000
0.005052 24.024000
0.005064 24.752000
0.005076 24.024000
0.005088 24.752000
0.005100 24.752000
0.005112 24.024000
0.005124 24.752000
0.005136 24.752000
0.005148 24.752000
0.005160 24.752000
0.005172 24.752000
0.005184 24.752000
0.005196 24.752000
0.005208 25.480000
0.005220 25.480000
0.005232 25.480000
0.005244 25.480000
0.005256 25.480000
0.005268 26.208000
0.005280 25.480000
0.005292 26.208000
0.005304 26.208000
0.005316 26.208000
0.005328 26.208000
0.005340 25.480000
0.005352 26.208000
0.005364 26.208000
0.005376 26.208000
0.005388 26.208000
0.005400 26.208000
0.005412 26.208000
0.005424 26.208000
0.005436 26.208000
0.005448 26.936000
0.005460 26.208000
0.005472 26.208000
0.005484 26.936000
0.005496 26.208000
0.005508 26.936000
0.005520 26.208000
0.005532 27.664000
0.005544 26.208000
0.005556 26.936000
0.005568 26.936000
0.005580 26.208000
0.005592 26.936000
0.005604 27.664000
0.005616 26.936000
0.005628 26.936000
0.005640 27.664000
0.005652 26.936000
0.005664 27.664000
0.005676 26.936000
0.005688 27.664000
0.005700 27.664000
0.005712 27.664000
0.005724 26.936000
0.005736 27.664000
0.005748 28.392000
0.005760 26.936000
0.005772 28.392000
0.005784 27.664000
0.005796 27.664000
0.005808 27.664000
0.005820 27.664000
0.005832 28.392000
0.005844 27.664000
0.005856 27.664000
0.005868 27.664000
0.005880 28.392000
0.005892 27.664000
0.005904 27.664000
0.005916 28.392000
0.005928 27.664000
0.005940 27.664000
0.005952 27.664000
0.005964 27.664000
0.005976 27.664000
0.005988 27.664000
0.006000 27.664000
0.006012 27.664000
0.006024 27.664000
0.006036 27.664000
0.006048 28.392000
0.006060 27.664000
0.006072 28.392000
0.006084 27.664000
0.006096 28.392000
0.006108 28.392000
0.006120 28.392000
0.006132 28.392000
0.006144 27.664000
0.006156 28.392000
0.006168 28.392000
0.006180 27.664000
0.006192 28.392000
0.006204 28.392000
0.006216 28.392000
0.006228 27.664000
0.006240 28.392000
0.006252 28.392000
0.006264 27.664000
0.006276 28.392000
0.006288 27.664000
0.006300 28.392000
0.006312 27.664000
0.006324 27.664000
0.006336 28.392000
0.006348 28.392000
0.006360 27.664000
0.006372 28.392000
0.006384 27.664000
0.006396 27.664000
0.006408 27.664000
0.006420 28.392000
0.006432 27.664000
0.006444 28.392000
0.006456 28.392000
0.006468 27.664000
0.006480 28.392000
0.006492 27.664000
0.006504 28.392000
0.006516 27.664000
0.006528 28.392000
0.006540 28.392000
0.006552 27.664000
0.006564 28.392000
0.006576 28.392000
0.006588 28.392000
0.006600 27.664000
0.006612 28.392000
0.006624 27.664000
0.006636 28.392000
0.006648 28.392000
0.006660 27.664000
0.006672 28.392000
0.006684 28.392000
0.006696 27.664000
0.006708 29.120000
0.006720 27.664000
0.006732 28.392000
0.006744 27.664000
0.006756 27.664000
0.006768 27.664000
0.006780 28.392000
0.006792 28.392000
0.006804 27.664000
0.006816 27.664000
0.006828 27.664000
0.006840 28.392000
0.006852 27.664000
0.006864 27.664000
0.006876 28.392000
0.006888 27.664000
0.006900 28.392000
0.006912 27.664000
0.006924 28.392000
0.006936 28.392000
0.006948 27.664000
0.006960 27.664000
0.006972 28.392000
0.006984 27.664000
0.006996 27.664000
0.007008 27.664000
0.007020 27.664000
0.007032 27.664000
0.007044 27.664000
0.007056 26.936000
0.007068 27.664000
0.007080 27.664000
0.007092 26.936000
0.007104 27.664000
0.007116 27.664000
0.007128 26.936000
0.007140 27.664000
0.007152 26.936000
0.007164 26.936000
0.007176 27.664000
0.007188 26.936000
0.007200 26.208000
0.007212 26.936000
0.007224 26.936000
0.007236 26.208000
0.007248 26.936000
0.007260 26.936000
0.007272 26.208000
0.007284 26.936000
0.007296 26.936000
0.007308 26.936000
0.007320 26.208000
0.007332 26.936000
0.007344 26.208000
0.007356 26.208000
0.007368 26.936000
0.007380 26.208000
0.007392 26.208000
0.007404 26.936000
0.007416 26.208000
0.007428 26.936000
0.007440 26.208000
0.007452 26.208000
0.007464 26.936000
0.007476 26.208000
0.007488 26.208000
0.007500 26.208000
0.007512 26.936000
0.007524 26.208000
0.007536 26.208000
0.007548 26.208000
0.007560 26.936000
0.007572 26.208000
0.007584 26.936000
0.007596 26.208000
0.007608 26.208000
0.007620 26.936000
0.007632 26.936000
0.007644 26.208000
0.007656 26.208000
0.007668 26.936000
0.007680 26.936000
0.007692 26.936000
0.007704 26.208000
0.007716 26.936000
0.007728 26.936000
0.007740 26.936000
0.007752 26.936000
0.007764 26.936000
0.007776 26.936000
0.007788 26.208000
0.007800 26.936000
0.007812 26.208000
0.007824 26.208000
0.007836 26.208000
0.007848 26.936000
0.007860 26.208000
0.007872 26.208000
0.007884 26.936000
0.007896 26.208000
0.007908 26.208000
0.007920 25.480000
0.007932 26.936000
0.007944 26.208000
0.007956 25.480000
0.007968 26.208000
0.007980 26.208000
0.007992 26.208000
0.008004 26.208000
0.008016 25.480000
0.008028 26.208000
0.008040 26.208000
0.008052 25.480000
0.008064 26.208000
0.008076 25.480000
0.008088 26.208000
0.008100 26.208000
0.008112 25.480000
0.008124 25.480000
0.008136 26.208000
0.008148 25.480000
0.008160 25.480000
0.008172 26.208000
0.008184 25.480000
0.008196 25.480000
0.008208 25.480000
0.008220 25.480000
0.008232 25.480000
0.008244 25.480000
0.008256 26.208000
0.008268 25.480000
0.008280 25.480000
0.008292 26.208000
0.008304 26.208000
0.008316 25.480000
0.008328 26.208000
0.008340 26.208000
0.008352 26.208000
0.008364 26.208000
0.008376 26.208000
0.008388 25.480000
0.008400 26.208000
0.008412 25.480000
0.008424 26.208000
0.008436 25.480000
0.008448 25.480000
0.008460 26.208000
0.008472 26.208000
0.008484 26.208000
0.008496 26.208000
0.008508 26.208000
0.008520 26.208000
0.008532 26.208000
0.008544 25.480000
0.008556 26.936000
0.008568 26.208000
0.008580 26.208000
0.008592 26.936000
0.008604 26.208000
0.008616 26.208000
0.008628 26.208000
0.008640 26.936000
0.008652 26.208000
0.008664 26.208000
0.008676 26.936000
0.008688 26.208000
0.008700 26.936000
0.008712 26.208000
0.008724 26.936000
0.008736 26.208000
0.008748 26.208000
0.008760 26.936000
0.008772 26.208000
0.008784 26.208000
0.008796 26.936000
0.008808 26.208000
0.008820 26.208000
0.008832 26.208000
0.008844 26.208000
0.008856 26.208000
0.008868 26.208000
0.008880 26.208000
0.008892 26.208000
0.008904 26.208000
0.008916 25.480000
0.008928 26.208000
0.008940 26.208000
0.008952 26.208000
0.008964 26.208000
0.008976 26.208000
0.008988 25.480000
0.009000 26.208000
0.009012 26.208000
0.009024 25.480000
0.009036 26.208000
0.009048 25.480000
0.009060 26.208000
0.009072 25.480000
0.009084 25.480000
0.009096 25.480000
0.009108 25.480000
0.009120 25.480000
0.009132 25.480000
0.009144 25.480000
0.009156 25.480000
0.009168 26.208000
0.009180 25.480000
0.009192 25.480000
0.009204 25.480000
0.009216 25.480000
0.009228 25.480000
0.009240 25.480000
0.009252 25.480000
0.009264 26.208000
0.009276 25.480000
0.009288 25.480000
0.009300 25.480000
0.009312 25.480000
0.009324 25.480000
0.009336 25.480000
0.009348 26.208000
0.009360 25.480000
0.009372 25.480000
0.009384 26.208000
0.009396 25.480000
0.009408 25.480000
0.009420 25.480000
0.009432 26.208000
0.009444 25.480000
0.009456 26.208000
0.009468 25.480000
0.009480 26.208000
0.009492 26.208000
0.009504 26.208000
0.009516 26.208000
0.009528 26.208000
0.009540 26.208000
0.009552 26.936000
0.009564 25.480000
0.009576 26.208000
0.009588 26.208000
0.009600 26.208000
0.009612 26.208000
0.009624 26.208000
0.009636 26.208000
0.009648 26.208000
0.009660 26.208000
0.009672 26.208000
0.009684 26.208000
0.009696 25.480000
0.009708 26.208000
0.009720 26.208000
0.009732 26.208000
0.009744 25.480000
0.009756 26.936000
0.009768 26.208000
0.009780 25.480000
0.009792 26.208000
0.009804 26.208000
0.009816 26.208000
0.009828 25.480000
0.009840 26.208000
0.009852 26.208000
0.009864 26.208000
0.009876 25.480000
0.009888 26.208000
0.009900 26.208000
0.009912 26.208000
0.009924 26.208000
0.009936 26.208000
0.009948 25.480000
0.009960 26.208000
0.009972 26.208000
0.009984 26.208000
0.009996 26.208000
0.010008 20.384000
0.010020 13.832000
0.010032 9.464000
0.010044 13.104000
0.010056 13.104000
0.010068 11.648000
0.010080 13.832000
0.010092 12.376000
0.010104 13.104000
0.010116 13.832000
0.010128 12.376000
0.010140 13.832000
0.010152 13.104000
0.010164 13.104000
0.010176 13.104000
0.010188 13.832000
0.010200 13.104000
0.010212 13.832000
0.010224 13.832000
0.010236 13.104000
0.010248 13.832000
0.010260 13.104000
0.010272 13.832000
0.010284 13.832000
0.010296 13.104000
0.010308 14.560000
0.010320 13.104000
0.010332 13.832000
0.010344 14.560000
0.010356 13.832000
0.010368 13.832000
0.010380 13.832000
0.010392 14.560000
0.010404 13.832000
0.010416 14.560000
0.010428 13.832000
0.010440 14.560000
0.010452 13.832000
0.010464 13.832000
0.010476 14.560000
0.010488 13.832000
0.010500 14.560000
0.010512 13.832000
0.010524 13.832000
0.010536 13.832000
0.010548 13.832000
0.010560 14.560000
0.010572 13.832000
0.010584 13.832000
0.010596 13.832000
0.010608 14.560000
0.010620 13.832000
0.010632 13.832000
0.010644 14.560000
0.010656 13.832000
0.010668 14.560000
0.010680 14.560000
0.010692 13.832000
0.010704 14.560000
0.010716 13.832000
0.010728 14.560000
0.010740 13.832000
0.010752 14.560000
0.010764 14.560000
0.010776 14.560000
0.010788 13.832000
0.010800 14.560000
0.010812 14.560000
0.010824 13.832000
0.010836 14.560000
0.010848 14.560000
0.010860 14.560000
0.010872 14.560000
0.010884 14.560000
0.010896 14.560000
0.010908 13.832000
0.010920 15.288000
0.010932 14.560000
0.010944 14.560000
0.010956 14.560000
0.010968 14.560000
0.010980 14.560000
0.010992 14.560000
0.011004 14.560000
0.011016 13.832000
0.011028 15.288000
0.011040 14.560000
0.011052 14.560000
0.011064 15.288000
0.011076 15.288000
0.011088 14.560000
0.011100 14.560000
0.011112 15.288000
0.011124 14.560000
0.011136 15.288000
0.011148 14.560000
0.011160 15.288000
0.011172 15.288000
0.011184 14.560000
0.011196 15.288000
0.011208 15.288000
0.011220 15.288000
0.011232 15.288000
0.011244 15.288000
0.011256 15.288000
0.011268 15.288000
0.011280 15.288000
0.011292 15.288000
0.011304 15.288000
0.011316 16.016000
0.011328 15.288000
0.011340 15.288000
0.011352 16.016000
0.011364 15.288000
0.011376 16.016000
0.011388 15.288000
0.011400 16.016000
0.011412 15.288000
0.011424 16.016000
0.011436 15.288000
0.011448 15.288000
0.011460 16.016000
0.011472 16.016000
0.011484 15.288000
0.011496 15.288000
0.011508 16.016000
0.011520 15.288000
0.011532 16.016000
0.011544 16.016000
0.011556 16.016000
0.011568 15.288000
0.011580 16.016000
0.011592 16.016000
0.011604 16.016000
0.011616 16.016000
0.011628 16.744000
0.011640 16.016000
0.011652 16.016000
0.011664 16.016000
0.011676 16.016000
0.011688 16.016000
0.011700 16.016000
0.011712 16.016000
0.011724 16.016000
0.011736 16.744000
0.011748 16.016000
0.011760 16.016000
0.011772 16.016000
0.011784 16.016000
0.011796 16.744000
0.011808 16.016000
0.011820 16.744000
0.011832 16.016000
0.011844 16.744000
0.011856 16.016000
0.011868 16.744000
0.011880 16.744000
0.011892 16.016000
0.011904 16.744000
0.011916 16.016000
0.011928 16.744000
0.011940 16.016000
0.011952 16.016000
0.011964 16.744000
0.011976 16.016000
0.011988 16.744000
0.012000 16.016000
0.012012 16.016000
0.012024 16.016000
0.012036 16.016000
0.012048 16.744000
0.012060 16.744000
0.012072 16.016000
0.012084 16.744000
0.012096 16.744000
0.012108 16.016000
0.012120 16.016000
0.012132 16.744000
0.012144 16.016000
0.012156 16.016000
0.012168 16.744000
0.012180 16.016000
0.012192 16.744000
0.012204 16.016000
0.012216 16.016000
0.012228 16.016000
0.012240 16.016000
0.012252 16.744000
0.012264 16.016000
0.012276 16.744000
0.012288 16.016000
0.012300 16.016000
0.012312 16.016000
0.012324 16.016000
0.012336 16.016000
0.012348 16.744000
0.012360 16.016000
0.012372 16.016000
0.012384 16.016000
0.012396 16.016000
0.012408 16.016000
0.012420 16.016000
0.012432 16.016000
0.012444 16.016000
0.012456 16.016000
0.012468 16.016000
0.012480 16.744000
0.012492 16.016000
0.012504 16.016000
0.012516 16.016000
0.012528 16.016000
0.012540 16.016000
0.012552 16.016000
0.012564 16.016000
0.012576 16.016000
0.012588 16.016000
0.012600 16.016000
0.012612 16.016000
0.012624 16.016000
0.012636 16.016000
0.012648 15.288000
0.012660 16.016000
0.012672 16.016000
0.012684 15.288000
0.012696 16.016000
0.012708 16.016000
0.012720 16.016000
0.012732 16.744000
0.012744 16.016000
0.012756 16.016000
0.012768 16.744000
0.012780 16.016000
0.012792 16.016000
0.012804 16.016000
0.012816 16.744000
0.012828 15.288000
0.012840 16.016000
0.012852 16.016000
0.012864 15.288000
0.012876 16.016000
0.012888 16.016000
0.012900 16.016000
0.012912 15.288000
0.012924 16.016000
0.012936 15.288000
0.012948 16.016000
0.012960 15.288000
0.012972 16.016000
0.012984 15.288000
0.012996 15.288000
0.013008 16.016000
0.013020 15.288000
0.013032 15.288000
0.013044 15.288000
0.013056 16.016000
0.013068 15.288000
0.013080 15.288000
0.013092 15.288000
0.013104 15.288000
0.013116 16.016000
0.013128 15.288000
0.013140 16.016000
0.013152 15.288000
0.013164 16.016000
0.013176 15.288000
0.013188 15.288000
0.013200 16.016000
0.013212 15.288000
0.013224 16.016000
0.013236 15.288000
0.013248 16.016000
0.013260 15.288000
0.013272 15.288000
0.013284 16.016000
0.013296 15.288000
0.013308 15.288000
0.013320 15.288000
0.013332 16.016000
0.013344 15.288000
0.013356 15.288000
0.013368 16.016000
0.013380 15.288000
0.013392 16.016000
0.013404 15.288000
0.013416 16.016000
0.013428 15.288000
0.013440 16.016000
0.013452 15.288000
0.013464 16.016000
0.013476 16.016000
0.013488 15.288000
0.013500 16.016000
0.013512 15.288000
0.013524 15.288000
0.013536 15.288000
0.013548 16.016000
0.013560 15.288000
0.013572 15.288000
0.013584 16.016000
0.013596 15.288000
0.013608 16.016000
0.013620 16.016000
0.013632 15.288000
0.013644 16.016000
0.013656 16.016000
0.013668 16.016000
0.013680 15.288000
0.013692 16.016000
0.013704 16.016000
0.013716 15.288000
0.013728 15.288000
0.013740 15.288000
0.013752 15.288000
0.013764 16.016000
0.013776 14.560000
0.013788 16.016000
0.013800 15.288000
0.013812 15.288000
0.013824 16.016000
0.013836 15.288000
0.013848 16.016000
0.013860 15.288000
0.013872 16.016000
0.013884 15.288000
0.013896 16.016000
0.013908 15.288000
0.013920 16.016000
0.013932 15.288000
0.013944 16.016000
0.013956 15.288000
0.013968 16.016000
0.013980 16.016000
0.013992 16.016000
0.014004 16.016000
0.014016 16.016000
0.014028 16.016000
0.014040 16.016000
0.014052 16.016000
0.014064 16.016000
0.014076 16.016000
0.014088 16.016000
0.014100 16.016000
0.014112 16.016000
0.014124 16.016000
0.014136 16.016000
0.014148 16.016000
0.014160 16.016000
0.014172 16.016000
0.014184 16.016000
0.014196 16.016000
0.014208 16.016000
0.014220 16.016000
0.014232 16.016000
0.014244 16.744000
0.014256 16.016000
0.014268 16.744000
0.014280 16.016000
0.014292 16.744000
0.014304 16.016000
0.014316 16.744000
0.014328 16.016000
0.014340 16.016000
0.014352 15.288000
0.014364 16.016000
0.014376 15.288000
0.014388 16.016000
0.014400 16.016000
0.014412 15.288000
0.014424 16.016000
0.014436 15.288000
0.014448 16.016000
0.014460 15.288000
0.014472 15.288000
0.014484 15.288000
0.014496 15.288000
0.014508 15.288000
0.014520 15.288000
0.014532 15.288000
0.014544 15.288000
0.014556 15.288000
0.014568 15.288000
0.014580 15.288000
0.014592 15.288000
0.014604 15.288000
0.014616 15.288000
0.014628 14.560000
0.014640 15.288000
0.014652 15.288000
0.014664 15.288000
0.014676 14.560000
0.014688 15.288000
0.014700 15.288000
0.014712 15.288000
0.014724 15.288000
0.014736 14.560000
0.014748 15.288000
0.014760 15.288000
0.014772 15.288000
0.014784 14.560000
0.014796 14.560000
0.014808 14.560000
0.014820 15.288000
0.014832 14.560000
0.014844 14.560000
0.014856 14.560000
0.014868 14.560000
0.014880 15.288000
0.014892 14.560000
0.014904 14.560000
0.014916 15.288000
0.014928 14.560000
0.014940 15.288000
0.014952 15.288000
0.014964 15.288000
0.014976 15.288000
0.014988 15.288000
0.015000 15.288000
0.015012 16.016000
0.015024 15.288000
0.015036 15.288000
0.015048 16.016000
0.015060 15.288000
0.015072 16.016000
0.015084 15.288000
0.015096 16.016000
0.015108 15.288000
0.015120 16.016000
0.015132 15.288000
0.015144 16.016000
0.015156 15.288000
0.015168 16.016000
0.015180 16.016000
0.015192 15.288000
0.015204 16.016000
0.015216 16.744000
0.015228 16.016000
0.015240 16.016000
0.015252 16.016000
0.015264 16.744000
0.015276 16.016000
0.015288 16.016000
0.015300 16.016000
0.015312 16.016000
0.015324 16.016000
0.015336 15.288000
0.015348 16.016000
0.015360 16.016000
0.015372 15.288000
0.015384 16.016000
0.015396 15.288000
0.015408 15.288000
0.015420 15.288000
0.015432 16.016000
0.015444 15.288000
0.015456 15.288000
0.015468 16.016000
0.015480 15.288000
0.015492 16.016000
0.015504 15.288000
0.015516 15.288000
0.015528 16.016000
0.015540 15.288000
0.015552 15.288000
0.015564 15.288000
0.015576 15.288000
0.015588 15.288000
0.015600 15.288000
0.015612 15.288000
0.015624 15.288000
0.015636 15.288000
0.015648 16.016000
0.015660 14.560000
0.015672 15.288000
0.015684 15.288000
0.015696 15.288000
0.015708 14.560000
0.015720 15.288000
0.015732 14.560000
0.015744 15.288000
0.015756 14.560000
0.015768 14.560000
0.015780 15.288000
0.015792 14.560000
0.015804 14.560000
0.015816 15.288000
0.015828 14.560000
0.015840 15.288000
0.015852 14.560000
0.015864 15.288000
0.015876 14.560000
0.015888 15.288000
0.015900 14.560000
0.015912 15.288000
0.015924 14.560000
0.015936 15.288000
0.015948 15.288000
0.015960 15.288000
0.015972 14.560000
0.015984 15.288000
0.015996 15.288000
0.016008 15.288000
0.016020 15.288000
0.016032 14.560000
0.016044 15.288000
0.016056 15.288000
0.016068 15.288000
0.016080 15.288000
0.016092 15.288000
0.016104 15.288000
0.016116 15.288000
0.016128 15.288000
0.016140 14.560000
0.016152 15.288000
0.016164 15.288000
0.016176 15.288000
0.016188 14.560000
0.016200 16.016000
0.016212 14.560000
0.016224 15.288000
0.016236 15.288000
0.016248 15.288000
0.016260 15.288000
0.016272 15.288000
0.016284 14.560000
0.016296 15.288000
0.016308 14.560000
0.016320 15.288000
0.016332 15.288000
0.016344 14.560000
0.016356 15.288000
0.016368 14.560000
0.016380 15.288000
0.016392 15.288000
0.016404 14.560000
0.016416 15.288000
0.016428 14.560000
0.016440 14.560000
0.016452 15.288000
0.016464 14.560000
0.016476 14.560000
0.016488 14.560000
0.016500 14.560000
0.016512 15.288000
0.016524 14.560000
0.016536 14.560000
0.016548 14.560000
0.016560 15.288000
0.016572 14.560000
0.016584 14.560000
0.016596 15.288000
0.016608 14.560000
0.016620 14.560000
0.016632 15.288000
0.016644 15.288000
0.016656 14.560000
0.016668 14.560000
0.016680 15.288000
0.016692 14.560000
0.016704 14.560000
0.016716 14.560000
0.016728 15.288000
0.016740 14.560000
0.016752 14.560000
0.016764 13.832000
0.016776 14.560000
0.016788 15.288000
0.016800 14.560000
0.016812 14.560000
0.016824 14.560000
0.016836 14.560000
0.016848 14.560000
0.016860 14.560000
0.016872 14.560000
0.016884 15.288000
0.016896 14.560000
0.016908 14.560000
0.016920 14.560000
0.016932 14.560000
0.016944 15.288000
0.016956 14.560000
0.016968 14.560000
0.016980 14.560000
0.016992 15.288000
0.017004 14.560000
0.017016 14.560000
0.017028 15.288000
0.017040 14.560000
0.017052 14.560000
0.017064 14.560000
0.017076 14.560000
0.017088 14.560000
0.017100 14.560000
0.017112 14.560000
0.017124 14.560000
0.017136 14.560000
0.017148 14.560000
0.017160 14.560000
0.017172 14.560000
0.017184 13.832000
0.017196 14.560000
0.017208 14.560000
0.017220 14.560000
0.017232 14.560000
0.017244 14.560000
0.017256 14.560000
0.017268 14.560000
0.017280 14.560000
0.017292 14.560000
0.017304 13.832000
0.017316 14.560000
0.017328 14.560000
0.017340 14.560000
0.017352 14.560000
0.017364 13.832000
0.017376 14.560000
0.017388 13.832000
0.017400 14.560000
0.017412 14.560000
0.017424 13.832000
0.017436 14.560000
0.017448 13.832000
0.017460 14.560000
0.017472 14.560000
0.017484 13.832000
0.017496 14.560000
0.017508 13.832000
0.017520 14.560000
0.017532 13.832000
0.017544 13.832000
0.017556 14.560000
0.017568 13.832000
0.017580 14.560000
0.017592 13.832000
0.017604 14.560000
0.017616 13.832000
0.017628 14.560000
0.017640 13.832000
0.017652 14.560000
0.017664 13.832000
0.017676 14.560000
0.017688 14.560000
0.017700 13.832000
0.017712 14.560000
0.017724 14.560000
0.017736 14.560000
0.017748 14.560000
0.017760 14.560000
0.017772 14.560000
0.017784 14.560000
0.017796 14.560000
0.017808 15.288000
0.017820 14.560000
0.017832 14.560000
0.017844 15.288000
0.017856 15.288000
0.017868 14.560000
0.017880 15.288000
0.017892 15.288000
0.017904 14.560000
0.017916 15.288000
0.017928 14.560000
0.017940 15.288000
0.017952 14.560000
0.017964 15.288000
0.017976 14.560000
0.017988 14.560000
0.018000 15.288000
0.018012 14.560000
0.018024 15.288000
0.018036 14.560000
0.018048 15.288000
0.018060 14.560000
0.018072 15.288000
0.018084 15.288000
0.018096 15.288000
0.018108 14.560000
0.018120 15.288000
0.018132 15.288000
0.018144 15.288000
0.018156 14.560000
0.018168 15.288000
0.018180 14.560000
0.018192 14.560000
0.018204 14.560000
0.018216 13.832000
0.018228 14.560000
0.018240 14.560000
0.018252 14.560000
0.018264 14.560000
0.018276 14.560000
0.018288 13.832000
0.018300 14.560000
0.018312 14.560000
0.018324 14.560000
0.018336 13.832000
0.018348 14.560000
0.018360 14.560000
0.018372 14.560000
0.018384 13.832000
0.018396 14.560000
0.018408 13.832000
0.018420 14.560000
0.018432 13.832000
0.018444 14.560000
0.018456 13.832000
0.018468 14.560000
0.018480 13.832000
0.018492 13.832000
0.018504 14.560000
0.018516 13.832000
0.018528 14.560000
0.018540 14.560000
0.018552 13.832000
0.018564 14.560000
0.018576 13.832000
0.018588 14.560000
0.018600 14.560000
0.018612 13.832000
0.018624 13.832000
0.018636 14.560000
0.018648 14.560000
0.018660 13.832000
0.018672 14.560000
0.018684 13.832000
0.018696 14.560000
0.018708 13.832000
0.018720 14.560000
0.018732 14.560000
0.018744 13.832000
0.018756 14.560000
0.018768 13.832000
0.018780 14.560000
0.018792 13.832000
0.018804 14.560000
0.018816 14.560000
0.018828 13.832000
0.018840 14.560000
0.018852 14.560000
0.018864 13.832000
0.018876 14.560000
0.018888 13.832000
0.018900 14.560000
0.018912 14.560000
0.018924 14.560000
0.018936 14.560000
0.018948 14.560000
0.018960 14.560000
0.018972 14.560000
0.018984 14.560000
0.018996 14.560000
0.019008 14.560000
0.019020 14.560000
0.019032 14.560000
0.019044 13.832000
0.019056 14.560000
0.019068 14.560000
0.019080 13.832000
0.019092 14.560000
0.019104 14.560000
0.019116 14.560000
0.019128 14.560000
0.019140 14.560000
0.019152 14.560000
0.019164 14.560000
0.019176 13.832000
0.019188 14.560000
0.019200 14.560000
0.019212 13.832000
0.019224 14.560000
0.019236 13.832000
0.019248 13.832000
0.019260 14.560000
0.019272 13.832000
0.019284 14.560000
0.019296 13.832000
0.019308 14.560000
0.019320 13.832000
0.019332 14.560000
0.019344 13.832000
0.019356 13.832000
0.019368 14.560000
0.019380 13.832000
0.019392 13.832000
0.019404 14.560000
0.019416 13.832000
0.019428 14.560000
0.019440 13.832000
0.019452 14.560000
0.019464 14.560000
0.019476 13.832000
0.019488 14.560000
0.019500 14.560000
0.019512 13.832000
0.019524 14.560000
0.019536 14.560000
0.019548 14.560000
0.019560 13.832000
0.019572 14.560000
0.019584 14.560000
0.019596 13.832000
0.019608 13.832000
0.019620 14.560000
0.019632 13.832000
0.019644 13.832000
0.019656 13.832000
0.019668 14.560000
0.019680 13.832000
0.019692 13.832000
0.019704 13.832000
0.019716 13.832000
0.019728 14.560000
0.019740 13.832000
0.019752 13.832000
0.019764 13.832000
0.019776 13.832000
0.019788 13.832000
0.019800 13.832000
0.019812 13.832000
0.019824 13.832000
0.019836 13.832000
0.019848 13.832000
0.019860 14.560000
0.019872 13.832000
0.019884 13.832000
0.019896 13.832000
0.019908 13.832000
0.019920 14.560000
0.019932 13.104000
0.019944 13.832000
0.019956 14.560000
0.019968 13.832000
0.019980 13.832000
0.019992 13.832000
0.020004 13.832000
0.020016 13.832000
0.020028 13.832000
0.020040 13.832000
0.020052 13.832000
0.020064 13.832000
0.020076 13.832000
0.020088 13.832000
0.020100 14.560000
0.020112 13.832000
0.020124 13.832000
0.020136 14.560000
0.020148 13.832000
0.020160 13.832000
0.020172 13.832000
0.020184 13.832000
0.020196 13.832000
0.020208 14.560000
0.020220 13.832000
0.020232 13.832000
0.020244 13.832000
0.020256 13.832000
0.020268 13.832000
0.020280 13.832000
0.020292 14.560000
0.020304 13.832000
0.020316 13.832000
0.020328 13.832000
0.020340 14.560000
0.020352 13.832000
0.020364 13.832000
0.020376 13.832000
0.020388 13.832000
0.020400 13.832000
0.020412 13.832000
0.020424 13.832000
0.020436 13.832000
0.020448 13.832000
0.020460 13.832000
0.020472 13.832000
0.020484 13.104000
0.020496 14.560000
0.020508 13.104000
0.020520 13.832000
0.020532 13.832000
0.020544 13.832000
0.020556 13.832000
0.020568 14.560000
0.020580 13.832000
0.020592 13.832000
0.020604 13.832000
0.020616 14.560000
0.020628 13.832000
0.020640 13.832000
0.020652 13.832000
0.020664 14.560000
0.020676 13.832000
0.020688 13.832000
0.020700 13.832000
0.020712 14.560000
0.020724 13.832000
0.020736 13.832000
0.020748 13.832000
0.020760 13.832000
0.020772 14.560000
0.020784 13.832000
0.020796 13.832000
0.020808 13.832000
0.020820 13.832000
0.020832 13.104000
0.020844 13.832000
0.020856 13.832000
0.020868 13.832000
0.020880 13.832000
0.020892 13.832000
0.020904 13.104000
0.020916 13.832000
0.020928 13.832000
0.020940 13.832000
0.020952 13.104000
0.020964 13.832000
0.020976 13.832000
0.020988 13.832000
0.021000 13.104000
0.021012 13.832000
0.021024 13.104000
0.021036 14.560000
0.021048 13.104000
0.021060 13.832000
0.021072 13.832000
0.021084 13.104000
0.021096 13.832000
0.021108 13.104000
0.021120 13.832000
0.021132 13.832000
0.021144 13.104000
0.021156 13.832000
0.021168 13.832000
0.021180 13.832000
0.021192 13.832000
0.021204 13.104000
0.021216 13.832000
0.021228 13.832000
0.021240 13.832000
0.021252 13.832000
0.021264 13.832000
0.021276 13.104000
0.021288 13.832000
0.021300 13.832000
0.021312 13.832000
0.021324 13.104000
0.021336 13.832000
0.021348 13.832000
0.021360 13.832000
0.021372 13.832000
0.021384 13.832000
0.021396 13.104000
0.021408 13.832000
0.021420 13.832000
0.021432 13.104000
0.021444 13.832000
0.021456 13.832000
0.021468 13.832000
0.021480 13.832000
0.021492 13.104000
0.021504 13.832000
0.021516 13.832000
0.021528 13.104000
0.021540 13.832000
0.021552 13.832000
0.021564 13.104000
0.021576 13.832000
0.021588 13.832000
0.021600 13.104000
0.021612 13.832000
0.021624 13.832000
0.021636 13.104000
0.021648 13.832000
0.021660 13.832000
0.021672 13.104000
0.021684 13.832000
0.021696 13.832000
0.021708 13.832000
0.021720 13.832000
0.021732 13.832000
0.021744 13.832000
0.021756 13.832000
0.021768 13.832000
0.021780 13.832000
0.021792 13.104000
0.021804 13.832000
0.021816 13.832000
0.021828 13.832000
0.021840 13.832000
0.021852 13.832000
0.021864 13.832000
0.021876 13.832000
0.021888 13.832000
0.021900 13.104000
0.021912 13.832000
0.021924 13.832000
0.021936 13.832000
0.021948 13.104000
0.021960 13.832000
0.021972 13.832000
0.021984 13.832000
0.021996 13.104000
0.022008 13.832000
0.022020 13.832000
0.022032 13.832000
0.022044 13.104000
0.022056 13.104000
0.022068 13.104000
0.022080 13.832000
0.022092 13.104000
0.022104 13.832000
0.022116 13.104000
0.022128 13.832000
0.022140 13.104000
0.022152 13.104000
0.022164 13.832000
0.022176 13.104000
0.022188 13.832000
0.022200 13.104000
0.022212 13.832000
0.022224 13.832000
0.022236 13.104000
0.022248 13.104000
0.022260 13.832000
0.022272 13.104000
0.022284 13.104000
0.022296 13.104000
0.022308 13.104000
0.022320 12.376000
0.022332 13.104000
0.022344 13.104000
0.022356 13.104000
0.022368 13.104000
0.022380 13.104000
0.022392 13.104000
0.022404 13.104000
0.022416 13.104000
0.022428 13.104000
0.022440 13.104000
0.022452 13.104000
0.022464 13.104000
0.022476 13.104000
0.022488 13.104000
0.022500 12.376000
0.022512 13.104000
0.022524 13.104000
0.022536 13.104000
0.022548 13.104000
0.022560 12.376000
0.022572 13.104000
0.022584 12.376000
0.022596 13.104000
0.022608 13.104000
0.022620 13.104000
0.022632 13.104000
0.022644 13.832000
0.022656 13.104000
0.022668 13.104000
0.022680 13.832000
0.022692 13.104000
0.022704 13.104000
0.022716 13.104000
0.022728 13.832000
0.022740 13.104000
0.022752 13.104000
0.022764 13.832000
0.022776 13.104000
0.022788 13.832000
0.022800 13.104000
0.022812 13.832000
0.022824 13.104000
0.022836 13.832000
0.022848 13.832000
0.022860 13.104000
0.022872 13.832000
0.022884 13.832000
0.022896 13.104000
0.022908 13.832000
0.022920 13.104000
0.022932 13.832000
0.022944 13.104000
0.022956 13.832000
0.022968 13.832000
0.022980 13.832000
0.022992 13.832000
0.023004 13.832000
0.023016 13.104000
0.023028 13.832000
0.023040 13.832000
0.023052 13.104000
0.023064 13.832000
0.023076 13.104000
0.023088 13.104000
0.023100 13.832000
0.023112 13.104000
0.023124 13.104000
0.023136 13.104000
0.023148 13.104000
0.023160 13.832000
0.023172 13.104000
0.023184 13.104000
0.023196 13.832000
0.023208 13.104000
0.023220 13.104000
0.023232 13.832000
0.023244 13.104000
0.023256 13.104000
0.023268 13.104000
0.023280 13.104000
0.023292 13.832000
0.023304 13.104000
0.023316 13.104000
0.023328 13.832000
0.023340 13.104000
0.023352 13.104000
0.023364 13.104000
0.023376 13.104000
0.023388 13.104000
0.023400 13.104000
0.023412 13.104000
0.023424 13.104000
0.023436 13.104000
0.023448 13.104000
0.023460 13.104000
0.023472 13.104000
0.023484 13.104000
0.023496 13.832000
0.023508 13.104000
0.023520 13.104000
0.023532 13.832000
0.023544 13.104000
0.023556 13.832000
0.023568 13.832000
0.023580 13.104000
0.023592 13.832000
0.023604 13.832000
0.023616 13.104000
0.023628 13.832000
0.023640 13.832000
0.023652 13.832000
0.023664 13.104000
0.023676 13.832000
0.023688 13.832000
0.023700 13.104000
0.023712 13.832000
0.023724 13.832000
0.023736 13.104000
0.023748 13.832000
0.023760 13.832000
0.023772 13.832000
0.023784 13.104000
0.023796 13.832000
0.023808 13.832000
0.023820 13.832000
0.023832 13.832000
0.023844 13.832000
0.023856 13.832000
0.023868 13.832000
0.023880 13.832000
0.023892 13.832000
0.023904 14.560000
0.023916 13.832000
0.023928 13.832000
0.023940 14.560000
0.023952 13.832000
0.023964 14.560000
0.023976 14.560000
0.023988 13.832000
0.024000 14.560000
0.024012 14.560000
0.024024 14.560000
0.024036 13.832000
0.024048 14.560000
0.024060 13.832000
0.024072 14.560000
0.024084 14.560000
0.024096 14.560000
0.024108 13.832000
0.024120 14.560000
0.024132 14.560000
0.024144 13.832000
0.024156 14.560000
0.024168 13.832000
0.024180 14.560000
0.024192 13.832000
0.024204 14.560000
0.024216 14.560000
0.024228 13.832000
0.024240 14.560000
0.024252 14.560000
0.024264 14.560000
0.024276 14.560000
0.024288 14.560000
0.024300 14.560000
0.024312 15.288000
0.024324 14.560000
0.024336 14.560000
0.024348 14.560000
0.024360 15.288000
0.024372 14.560000
0.024384 15.288000
0.024396 14.560000
0.024408 15.288000
0.024420 14.560000
0.024432 15.288000
0.024444 14.560000
0.024456 15.288000
0.024468 14.560000
0.024480 14.560000
0.024492 15.288000
0.024504 14.560000
0.024516 15.288000
0.024528 14.560000
0.024540 15.288000
0.024552 15.288000
0.024564 15.288000
0.024576 15.288000
0.024588 15.288000
0.024600 14.560000
0.024612 15.288000
0.024624 15.288000
0.024636 14.560000
0.024648 15.288000
0.024660 15.288000
0.024672 15.288000
0.024684 15.288000
0.024696 15.288000
0.024708 14.560000
0.024720 15.288000
0.024732 15.288000
0.024744 15.288000
0.024756 16.016000
0.024768 14.560000
0.024780 15.288000
0.024792 15.288000
0.024804 15.288000
0.024816 16.016000
0.024828 15.288000
0.024840 15.288000
0.024852 16.016000
0.024864 15.288000
0.024876 15.288000
0.024888 15.288000
0.024900 16.016000
0.024912 15.288000
0.024924 15.288000
0.024936 14.560000
0.024948 15.288000
0.024960 15.288000
0.024972 15.288000
0.024984 14.560000
0.024996 15.288000
0.025008 15.288000
0.025020 15.288000
0.025032 14.560000
0.025044 15.288000
0.025056 15.288000
0.025068 15.288000
0.025080 15.288000
0.025092 15.288000
0.025104 15.288000
0.025116 15.288000
0.025128 15.288000
0.025140 15.288000
0.025152 15.288000
0.025164 15.288000
0.025176 15.288000
0.025188 15.288000
0.025200 15.288000
0.025212 15.288000
0.025224 15.288000
0.025236 15.288000
0.025248 15.288000
0.025260 15.288000
0.025272 15.288000
0.025284 15.288000
0.025296 15.288000
0.025308 15.288000
0.025320 15.288000
0.025332 15.288000
0.025344 15.288000
0.025356 15.288000
0.025368 16.016000
0.025380 15.288000
0.025392 15.288000
0.025404 16.016000
0.025416 15.288000
0.025428 15.288000
0.025440 15.288000
0.025452 15.288000
0.025464 16.016000
0.025476 15.288000
0.025488 15.288000
0.025500 15.288000
0.025512 15.288000
0.025524 15.288000
0.025536 16.016000
0.025548 14.560000
0.025560 16.016000
0.025572 15.288000
0.025584 15.288000
0.025596 16.016000
0.025608 15.288000
0.025620 16.016000
0.025632 15.288000
0.025644 16.016000
0.025656 15.288000
0.025668 15.288000
0.025680 15.288000
0.025692 16.016000
0.025704 15.288000
0.025716 15.288000
0.025728 16.016000
0.025740 15.288000
0.025752 16.016000
0.025764 15.288000
0.025776 15.288000
0.025788 16.016000
0.025800 15.288000
0.025812 15.288000
0.025824 16.016000
0.025836 15.288000
0.025848 16.016000
0.025860 15.288000
0.025872 15.288000
0.025884 15.288000
0.025896 16.016000
0.025908 15.288000
0.025920 15.288000
0.025932 15.288000
0.025944 15.288000
0.025956 15.288000
0.025968 16.016000
0.025980 15.288000
0.025992 15.288000
0.026004 15.288000
0.026016 15.288000
0.026028 15.288000
0.026040 15.288000
0.026052 16.016000
0.026064 15.288000
0.026076 15.288000
0.026088 16.016000
0.026100 15.288000
0.026112 16.016000
0.026124 15.288000
0.026136 16.016000
0.026148 15.288000
0.026160 16.016000
0.026172 16.016000
0.026184 16.016000
0.026196 15.288000
0.026208 16.016000
0.026220 16.016000
0.026232 16.016000
0.026244 16.016000
0.026256 16.016000
0.026268 16.016000
0.026280 16.016000
0.026292 16.744000
0.026304 16.016000
0.026316 16.016000
0.026328 16.744000
0.026340 16.016000
0.026352 16.016000
0.026364 16.016000
0.026376 16.016000
0.026388 16.016000
0.026400 16.016000
0.026412 16.016000
0.026424 16.016000
0.026436 16.016000
0.026448 15.288000
0.026460 16.016000
0.026472 16.016000
0.026484 15.288000
0.026496 16.016000
0.026508 15.288000
0.026520 15.288000
0.026532 16.016000
0.026544 15.288000
0.026556 16.016000
0.026568 15.288000
0.026580 16.016000
0.026592 15.288000
0.026604 16.016000
0.026616 15.288000
0.026628 15.288000
0.026640 15.288000
0.026652 16.016000
0.026664 15.288000
0.026676 16.016000
0.026688 16.016000
0.026700 15.288000
0.026712 16.016000
0.026724 15.288000
0.026736 15.288000
0.026748 16.016000
0.026760 15.288000
0.026772 16.016000
0.026784 16.016000
0.026796 16.016000
0.026808 15.288000
0.026820 16.016000
0.026832 16.016000
0.026844 16.016000
0.026856 16.016000
0.026868 16.016000
0.026880 16.744000
0.026892 16.016000
0.026904 16.016000
0.026916 16.016000
0.026928 16.016000
0.026940 15.288000
0.026952 16.016000
0.026964 16.016000
0.026976 16.016000
0.026988 16.016000
0.027000 16.016000
0.027012 16.744000
0.027024 16.016000
0.027036 16.016000
0.027048 16.016000
0.027060 16.016000
0.027072 16.016000
0.027084 16.016000
0.027096 16.016000
0.027108 16.016000
0.027120 16.016000
0.027132 16.016000
0.027144 16.016000
0.027156 16.016000
0.027168 16.016000
0.027180 16.016000
0.027192 16.016000
0.027204 16.016000
0.027216 16.016000
0.027228 16.016000
0.027240 16.016000
0.027252 16.016000
0.027264 16.016000
0.027276 16.016000
0.027288 16.016000
0.027300 16.744000
0.027312 16.016000
0.027324 16.016000
0.027336 16.016000
0.027348 16.744000
0.027360 16.016000
0.027372 16.744000
0.027384 16.016000
0.027396 16.744000
0.027408 16.016000
0.027420 16.016000
0.027432 16.744000
0.027444 16.016000
0.027456 16.744000
0.027468 16.016000
0.027480 16.744000
0.027492 16.016000
0.027504 16.744000
0.027516 16.016000
0.027528 16.744000
0.027540 16.016000
0.027552 16.744000
0.027564 16.016000
0.027576 16.744000
0.027588 16.744000
0.027600 16.744000
0.027612 16.016000
0.027624 16.744000
0.027636 16.744000
0.027648 16.016000
0.027660 16.744000
0.027672 16.744000
0.027684 16.744000
0.027696 16.016000
0.027708 16.744000
0.027720 16.016000
0.027732 16.744000
0.027744 16.016000
0.027756 16.744000
0.027768 16.016000
0.027780 16.744000
0.027792 16.016000
0.027804 16.744000
0.027816 16.744000
0.027828 16.744000
0.027840 16.016000
0.027852 16.744000
0.027864 16.744000
0.027876 16.016000
0.027888 16.744000
0.027900 16.744000
0.027912 16.744000
0.027924 16.016000
0.027936 16.744000
0.027948 16.744000
0.027960 16.744000
0.027972 16.744000
0.027984 16.016000
0.027996 16.744000
0.028008 16.744000
0.028020 16.744000
0.028032 16.744000
0.028044 16.744000
0.028056 16.744000
0.028068 16.744000
0.028080 16.016000
0.028092 16.744000
0.028104 16.744000
0.028116 16.016000
0.028128 16.744000
0.028140 16.744000
0.028152 16.016000
0.028164 16.744000
0.028176 16.016000
0.028188 16.016000
0.028200 16.744000
0.028212 16.016000
0.028224 16.016000
0.028236 16.016000
0.028248 16.744000
0.028260 15.288000
0.028272 16.016000
0.028284 16.744000
0.028296 16.016000
0.028308 16.016000
0.028320 16.016000
0.028332 16.016000
0.028344 16.744000
0.028356 16.016000
0.028368 16.016000
0.028380 16.016000
0.028392 16.744000
0.028404 16.016000
0.028416 16.016000
0.028428 16.016000
0.028440 16.744000
0.028452 16.744000
0.028464 16.016000
0.028476 16.016000
0.028488 16.016000
0.028500 16.016000
0.028512 16.016000
0.028524 16.016000
0.028536 16.744000
0.028548 16.016000
0.028560 16.016000
0.028572 16.016000
0.028584 16.016000
0.028596 16.016000
0.028608 16.016000
0.028620 16.016000
0.028632 16.016000
0.028644 16.016000
0.028656 16.016000
0.028668 16.016000
0.028680 16.744000
0.028692 16.016000
0.028704 16.016000
0.028716 16.016000
0.028728 16.016000
0.028740 16.016000
0.028752 16.744000
0.028764 16.016000
0.028776 16.016000
0.028788 16.744000
0.028800 16.016000
0.028812 16.016000
0.028824 16.016000
0.028836 16.016000
0.028848 16.016000
0.028860 16.016000
0.028872 16.016000
0.028884 16.016000
0.028896 16.744000
0.028908 16.016000
0.028920 16.016000
0.028932 16.744000
0.028944 16.016000
0.028956 16.744000
0.028968 16.016000
0.028980 16.744000
0.028992 16.016000
0.029004 16.744000
0.029016 16.016000
0.029028 16.744000
0.029040 16.016000
0.029052 16.016000
0.029064 16.744000
0.029076 16.744000
0.029088 16.016000
0.029100 16.744000
0.029112 16.744000
0.029124 16.016000
0.029136 16.744000
0.029148 16.744000
0.029160 16.744000
0.029172 16.016000
0.029184 16.744000
0.029196 16.016000
0.029208 16.744000
0.029220 16.016000
0.029232 16.744000
0.029244 16.744000
0.029256 16.744000
0.029268 16.744000
0.029280 16.744000
0.029292 17.472000
0.029304 16.744000
0.029316 16.744000
0.029328 16.744000
0.029340 17.472000
0.029352 16.744000
0.029364 16.744000
0.029376 16.744000
0.029388 17.472000
0.029400 16.744000
0.029412 17.472000
0.029424 16.744000
0.029436 16.744000
0.029448 17.472000
0.029460 17.472000
0.029472 16.744000
0.029484 16.744000
0.029496 17.472000
0.029508 16.744000
0.029520 16.016000
0.029532 17.472000
0.029544 16.744000
0.029556 16.744000
0.029568 16.744000
0.029580 16.744000
0.029592 16.016000
0.029604 17.472000
0.029616 16.016000
0.029628 16.744000
0.029640 16.744000
0.029652 16.016000
0.029664 16.744000
0.029676 16.744000
0.029688 16.016000
0.029700 16.744000
0.029712 16.744000
0.029724 16.016000
0.029736 16.016000
0.029748 16.744000
0.029760 16.016000
0.029772 16.744000
0.029784 16.016000
0.029796 16.744000
0.029808 16.016000
0.029820 16.744000
0.029832 16.744000
0.029844 16.016000
0.029856 16.744000
0.029868 16.744000
0.029880 16.016000
0.029892 16.744000
0.029904 16.744000
0.029916 16.744000
0.029928 16.016000
0.029940 16.016000
0.029952 16.016000
0.029964 16.744000
0.029976 16.016000
0.029988 16.016000
0.030000 16.744000
0.030012 16.744000
0.030024 16.016000
0.030036 16.744000
0.030048 16.744000
0.030060 16.744000
0.030072 16.016000
0.030084 16.744000
0.030096 16.744000
0.030108 16.744000
0.030120 17.472000
0.030132 16.744000
0.030144 16.744000
0.030156 16.744000
0.030168 16.744000
0.030180 16.744000
0.030192 16.744000
0.030204 16.744000
0.030216 16.016000
0.030228 16.744000
0.030240 16.744000
0.030252 16.016000
0.030264 16.744000
0.030276 16.744000
0.030288 16.016000
0.030300 16.744000
0.030312 16.744000
0.030324 16.744000
0.030336 16.016000
0.030348 16.744000
0.030360 16.744000
0.030372 16.744000
0.030384 16.744000
0.030396 16.016000
0.030408 16.744000
0.030420 16.744000
0.030432 16.744000
0.030444 16.744000
0.030456 16.016000
0.030468 16.744000
0.030480 16.744000
0.030492 16.016000
0.030504 16.744000
0.030516 16.744000
0.030528 16.016000
0.030540 16.016000
0.030552 16.744000
0.030564 16.016000
0.030576 16.016000
0.030588 16.016000
0.030600 16.744000
0.030612 16.016000
0.030624 16.016000
0.030636 16.016000
0.030648 16.744000
0.030660 16.016000
0.030672 16.016000
0.030684 16.016000
0.030696 16.016000
0.030708 16.016000
0.030720 16.744000
0.030732 16.016000
0.030744 16.016000
0.030756 16.016000
0.030768 16.016000
0.030780 16.016000
0.030792 16.016000
0.030804 16.744000
0.030816 16.016000
0.030828 16.016000
0.030840 16.016000
0.030852 16.016000
0.030864 15.288000
0.030876 16.016000
0.030888 15.288000
0.030900 16.016000
0.030912 15.288000
0.030924 16.016000
0.030936 15.288000
0.030948 15.288000
0.030960 16.016000
0.030972 15.288000
0.030984 15.288000
0.030996 16.016000
0.031008 15.288000
0.031020 15.288000
0.031032 16.016000
0.031044 15.288000
0.031056 15.288000
0.031068 16.016000
0.031080 16.016000
0.031092 15.288000
0.031104 16.016000
0.031116 16.016000
0.031128 15.288000
0.031140 16.016000
0.031152 15.288000
0.031164 16.016000
0.031176 15.288000
0.031188 16.016000
0.031200 15.288000
0.031212 15.288000
0.031224 15.288000
0.031236 16.016000
0.031248 15.288000
0.031260 15.288000
0.031272 16.016000
0.031284 15.288000
0.031296 15.288000
0.031308 15.288000
0.031320 15.288000
0.031332 16.016000
0.031344 15.288000
0.031356 15.288000
0.031368 16.016000
0.031380 15.288000
0.031392 16.016000
0.031404 16.016000
0.031416 15.288000
0.031428 16.016000
0.031440 16.016000
0.031452 16.016000
0.031464 16.016000
0.031476 16.744000
0.031488 16.016000
0.031500 16.016000
0.031512 16.016000
0.031524 16.744000
0.031536 16.016000
0.031548 16.744000
0.031560 16.016000
0.031572 16.016000
0.031584 16.016000
0.031596 16.744000
0.031608 16.016000
0.031620 16.016000
0.031632 16.744000
0.031644 16.016000
0.031656 16.016000
0.031668 16.744000
0.031680 16.016000
0.031692 16.744000
0.031704 16.016000
0.031716 16.744000
0.031728 16.016000
0.031740 16.744000
0.031752 16.016000
0.031764 16.744000
0.031776 16.016000
0.031788 16.744000
0.031800 16.744000
0.031812 16.016000
0.031824 16.744000
0.031836 16.016000
0.031848 16.016000
0.031860 16.016000
0.031872 16.016000
0.031884 16.016000
0.031896 16.744000
0.031908 16.016000
0.031920 16.744000
0.031932 16.744000
0.031944 16.016000
0.031956 16.744000
0.031968 16.016000
0.031980 16.744000
0.031992 16.744000
0.032004 16.016000
0.032016 16.744000
0.032028 16.744000
0.032040 16.744000
0.032052 16.744000
0.032064 16.744000
0.032076 17.472000
0.032088 16.744000
0.032100 16.744000
0.032112 17.472000
0.032124 16.744000
0.032136 17.472000
0.032148 16.744000
0.032160 17.472000
0.032172 16.744000
0.032184 16.744000
0.032196 17.472000
0.032208 16.744000
0.032220 16.744000
0.032232 17.472000
0.032244 16.016000
0.032256 17.472000
0.032268 16.744000
0.032280 16.744000
0.032292 17.472000
0.032304 16.744000
0.032316 17.472000
0.032328 16.744000
0.032340 16.744000
0.032352 17.472000
0.032364 16.744000
0.032376 16.744000
0.032388 17.472000
0.032400 16.744000
0.032412 16.744000
0.032424 16.744000
0.032436 16.744000
0.032448 17.472000
0.032460 16.016000
0.032472 17.472000
0.032484 16.016000
0.032496 17.472000
0.032508 16.744000
0.032520 16.744000
0.032532 16.744000
0.032544 16.744000
0.032556 16.744000
0.032568 16.744000
0.032580 16.744000
0.032592 16.744000
0.032604 17.472000
0.032616 16.744000
0.032628 16.744000
0.032640 16.744000
0.032652 17.472000
0.032664 16.744000
0.032676 16.744000
0.032688 17.472000
0.032700 17.472000
0.032712 17.472000
0.032724 16.744000
0.032736 17.472000
0.032748 17.472000
0.032760 17.472000
0.032772 18.200000
0.032784 17.472000
0.032796 17.472000
0.032808 17.472000
0.032820 17.472000
0.032832 17.472000
0.032844 17.472000
0.032856 17.472000
0.032868 18.200000
0.032880 17.472000
0.032892 18.200000
0.032904 18.200000
0.032916 17.472000
0.032928 18.928000
0.032940 18.200000
0.032952 17.472000
0.032964 18.200000
0.032976 18.200000
0.032988 18.200000
0.033000 18.200000
0.033012 18.200000
0.033024 17.472000
0.033036 18.200000
0.033048 18.200000
0.033060 17.472000
0.033072 18.200000
0.033084 17.472000
0.033096 18.200000
0.033108 17.472000
0.033120 18.200000
0.033132 18.200000
0.033144 17.472000
0.033156 17.472000
0.033168 18.200000
0.033180 17.472000
0.033192 18.200000
0.033204 17.472000
0.033216 17.472000
0.033228 17.472000
0.033240 18.200000
0.033252 17.472000
0.033264 17.472000
0.033276 18.200000
0.033288 17.472000
0.033300 18.200000
0.033312 18.200000
0.033324 17.472000
0.033336 18.200000
0.033348 18.200000
0.033360 17.472000
0.033372 18.200000
0.033384 18.200000
0.033396 17.472000
0.033408 17.472000
0.033420 18.200000
0.033432 17.472000
0.033444 17.472000
0.033456 18.200000
0.033468 17.472000
0.033480 17.472000
0.033492 18.200000
0.033504 17.472000
0.033516 18.200000
0.033528 17.472000
0.033540 17.472000
0.033552 17.472000
0.033564 17.472000
0.033576 17.472000
0.033588 17.472000
0.033600 17.472000
0.033612 17.472000
0.033624 17.472000
0.033636 17.472000
0.033648 17.472000
0.033660 16.744000
0.033672 18.200000
0.033684 17.472000
0.033696 17.472000
0.033708 17.472000
0.033720 17.472000
0.033732 17.472000
0.033744 16.744000
0.033756 16.744000
0.033768 17.472000
0.033780 17.472000
0.033792 16.744000
0.033804 17.472000
0.033816 16.744000
0.033828 16.744000
0.033840 16.744000
0.033852 17.472000
0.033864 16.016000
0.033876 16.744000
0.033888 16.744000
0.033900 16.744000
0.033912 16.744000
0.033924 16.744000
0.033936 16.016000
0.033948 16.744000
0.033960 16.744000
0.033972 16.744000
0.033984 16.744000
0.033996 16.016000
0.034008 16.744000
0.034020 16.016000
0.034032 16.744000
0.034044 16.744000
0.034056 16.016000
0.034068 16.744000
0.034080 16.744000
0.034092 16.016000
0.034104 16.744000
0.034116 16.016000
0.034128 16.016000
0.034140 16.744000
0.034152 16.016000
0.034164 16.744000
0.034176 16.016000
0.034188 16.016000
0.034200 16.744000
0.034212 16.016000
0.034224 16.016000
0.034236 16.016000
0.034248 16.744000
0.034260 16.016000
0.034272 16.744000
0.034284 16.016000
0.034296 16.744000
0.034308 16.016000
0.034320 16.016000
0.034332 16.016000
0.034344 16.016000
0.034356 16.016000
0.034368 16.744000
0.034380 16.016000
0.034392 16.744000
0.034404 16.016000
0.034416 16.744000
0.034428 16.016000
0.034440 16.744000
0.034452 16.016000
0.034464 16.744000
0.034476 16.744000
0.034488 16.744000
0.034500 16.016000
0.034512 16.744000
0.034524 16.744000
0.034536 16.744000
0.034548 16.016000
0.034560 16.744000
0.034572 16.744000
0.034584 16.744000
0.034596 16.744000
0.034608 16.744000
0.034620 16.016000
0.034632 16.744000
0.034644 17.472000
0.034656 16.744000
0.034668 16.744000
0.034680 17.472000
0.034692 16.744000
0.034704 17.472000
0.034716 16.744000
0.034728 17.472000
0.034740 17.472000
0.034752 16.744000
0.034764 16.744000
0.034776 17.472000
0.034788 17.472000
0.034800 16.744000
0.034812 16.744000
0.034824 17.472000
0.034836 16.744000
0.034848 16.744000
0.034860 17.472000
0.034872 17.472000
0.034884 16.744000
0.034896 17.472000
0.034908 16.744000
0.034920 17.472000
0.034932 17.472000
0.034944 16.744000
0.034956 17.472000
0.034968 17.472000
0.034980 16.744000
0.034992 17.472000
0.035004 17.472000
0.035016 18.200000
0.035028 17.472000
0.035040 17.472000
0.035052 18.200000
0.035064 17.472000
0.035076 18.200000
0.035088 17.472000
0.035100 17.472000
0.035112 17.472000
0.035124 17.472000
0.035136 18.200000
0.035148 17.472000
0.035160 17.472000
0.035172 18.200000
0.035184 17.472000
0.035196 18.200000
0.035208 18.200000
0.035220 17.472000
0.035232 17.472000
0.035244 18.200000
0.035256 17.472000
0.035268 18.200000
0.035280 17.472000
0.035292 18.200000
0.035304 17.472000
0.035316 17.472000
0.035328 18.200000
0.035340 17.472000
0.035352 17.472000
0.035364 17.472000
0.035376 18.200000
0.035388 17.472000
0.035400 17.472000
0.035412 17.472000
0.035424 17.472000
0.035436 18.200000
0.035448 17.472000
0.035460 17.472000
0.035472 17.472000
0.035484 17.472000
0.035496 18.200000
0.035508 17.472000
0.035520 18.200000
0.035532 16.744000
0.035544 18.200000
0.035556 17.472000
0.035568 18.200000
0.035580 17.472000
0.035592 17.472000
0.035604 17.472000
0.035616 17.472000
0.035628 17.472000
0.035640 17.472000
0.035652 18.200000
0.035664 17.472000
0.035676 17.472000
0.035688 17.472000
0.035700 17.472000
0.035712 17.472000
0.035724 17.472000
0.035736 17.472000
0.035748 17.472000
0.035760 17.472000
0.035772 17.472000
0.035784 17.472000
0.035796 17.472000
0.035808 17.472000
0.035820 17.472000
0.035832 17.472000
0.035844 17.472000
0.035856 17.472000
0.035868 18.200000
0.035880 17.472000
0.035892 17.472000
0.035904 18.200000
0.035916 17.472000
0.035928 18.200000
0.035940 17.472000
0.035952 17.472000
0.035964 18.200000
0.035976 17.472000
0.035988 17.472000
0.036000 18.200000
0.036012 17.472000
0.036024 17.472000
0.036036 18.200000
0.036048 17.472000
0.036060 17.472000
0.036072 17.472000
0.036084 17.472000
0.036096 17.472000
0.036108 17.472000
0.036120 17.472000
0.036132 17.472000
0.036144 17.472000
0.036156 17.472000
0.036168 18.200000
0.036180 17.472000
0.036192 17.472000
0.036204 17.472000
0.036216 17.472000
0.036228 18.200000
0.036240 17.472000
0.036252 17.472000
0.036264 18.200000
0.036276 17.472000
0.036288 17.472000
0.036300 18.200000
0.036312 17.472000
0.036324 17.472000
0.036336 17.472000
0.036348 18.200000
0.036360 17.472000
0.036372 17.472000
0.036384 17.472000
0.036396 17.472000
0.036408 17.472000
0.036420 17.472000
0.036432 17.472000
0.036444 16.744000
0.036456 17.472000
0.036468 17.472000
0.036480 16.744000
0.036492 17.472000
0.036504 17.472000
0.036516 16.744000
0.036528 17.472000
0.036540 17.472000
0.036552 16.744000
0.036564 17.472000
0.036576 16.744000
0.036588 17.472000
0.036600 16.744000
0.036612 17.472000
0.036624 17.472000
0.036636 17.472000
0.036648 16.744000
0.036660 17.472000
0.036672 17.472000
0.036684 18.200000
0.036696 16.744000
0.036708 17.472000
0.036720 17.472000
0.036732 16.744000
0.036744 17.472000
0.036756 17.472000
0.036768 16.744000
0.036780 17.472000
0.036792 17.472000
0.036804 17.472000
0.036816 16.744000
0.036828 17.472000
0.036840 17.472000
0.036852 17.472000
0.036864 17.472000
0.036876 18.200000
0.036888 16.744000
0.036900 17.472000
0.036912 17.472000
0.036924 17.472000
0.036936 17.472000
0.036948 17.472000
0.036960 17.472000
0.036972 18.200000
0.036984 17.472000
0.036996 18.200000
0.037008 17.472000
0.037020 17.472000
0.037032 18.200000
0.037044 18.200000
0.037056 17.472000
0.037068 18.200000
0.037080 17.472000
0.037092 18.200000
0.037104 18.200000
0.037116 18.200000
0.037128 18.200000
0.037140 18.928000
0.037152 18.200000
0.037164 18.200000
0.037176 18.200000
0.037188 18.200000
0.037200 18.200000
0.037212 18.200000
0.037224 18.200000
0.037236 18.200000
0.037248 18.200000
0.037260 18.200000
0.037272 18.200000
0.037284 18.200000
0.037296 17.472000
0.037308 18.200000
0.037320 18.200000
0.037332 18.200000
0.037344 18.200000
0.037356 17.472000
0.037368 18.200000
0.037380 18.200000
0.037392 17.472000
0.037404 17.472000
0.037416 18.200000
0.037428 17.472000
0.037440 18.200000
0.037452 17.472000
0.037464 17.472000
0.037476 17.472000
0.037488 17.472000
0.037500 17.472000
0.037512 18.200000
0.037524 17.472000
0.037536 18.200000
0.037548 17.472000
0.037560 17.472000
0.037572 18.200000
0.037584 17.472000
0.037596 17.472000
0.037608 17.472000
0.037620 18.200000
0.037632 17.472000
0.037644 17.472000
0.037656 18.200000
0.037668 17.472000
0.037680 17.472000
0.037692 17.472000
0.037704 18.200000
0.037716 17.472000
0.037728 18.200000
0.037740 17.472000
0.037752 17.472000
0.037764 17.472000
0.037776 17.472000
0.037788 17.472000
0.037800 17.472000
0.037812 17.472000
0.037824 18.200000
0.037836 17.472000
0.037848 17.472000
0.037860 18.200000
0.037872 18.200000
0.037884 18.200000
0.037896 17.472000
0.037908 18.200000
0.037920 18.200000
0.037932 18.200000
0.037944 17.472000
0.037956 18.200000
0.037968 18.200000
0.037980 17.472000
0.037992 18.200000
0.038004 18.200000
0.038016 18.200000
0.038028 17.472000
0.038040 18.200000
0.038052 18.200000
0.038064 18.200000
0.038076 17.472000
0.038088 18.200000
0.038100 18.200000
0.038112 17.472000
0.038124 17.472000
0.038136 17.472000
0.038148 18.200000
0.038160 16.744000
0.038172 18.200000
0.038184 17.472000
0.038196 17.472000
0.038208 17.472000
0.038220 17.472000
0.038232 18.200000
0.038244 17.472000
0.038256 17.472000
0.038268 18.200000
0.038280 17.472000
0.038292 17.472000
0.038304 17.472000
0.038316 17.472000
0.038328 17.472000
0.038340 17.472000
0.038352 17.472000
0.038364 17.472000
0.038376 17.472000
0.038388 18.200000
0.038400 17.472000
0.038412 17.472000
0.038424 18.200000
0.038436 16.744000
0.038448 18.200000
0.038460 16.744000
0.038472 18.200000
0.038484 17.472000
0.038496 17.472000
0.038508 17.472000
0.038520 17.472000
0.038532 17.472000
0.038544 17.472000
0.038556 18.200000
0.038568 17.472000
0.038580 17.472000
0.038592 18.200000
0.038604 18.200000
0.038616 18.200000
0.038628 17.472000
0.038640 18.200000
0.038652 17.472000
0.038664 18.200000
0.038676 18.200000
0.038688 18.200000
0.038700 17.472000
0.038712 18.200000
0.038724 17.472000
0.038736 18.200000
0.038748 17.472000
0.038760 18.200000
0.038772 18.200000
0.038784 17.472000
0.038796 18.200000
0.038808 18.200000
0.038820 17.472000
0.038832 18.200000
0.038844 18.200000
0.038856 17.472000
0.038868 18.200000
0.038880 18.200000
0.038892 18.200000
0.038904 18.200000
0.038916 17.472000
0.038928 18.200000
0.038940 18.200000
0.038952 17.472000
0.038964 18.928000
0.038976 17.472000
0.038988 18.200000
0.039000 18.200000
0.039012 18.200000
0.039024 17.472000
0.039036 18.200000
0.039048 18.200000
0.039060 18.200000
0.039072 18.200000
0.039084 18.200000
0.039096 18.200000
0.039108 18.200000
0.039120 18.928000
0.039132 17.472000
0.039144 18.928000
0.039156 18.200000
0.039168 18.200000
0.039180 18.200000
0.039192 18.928000
0.039204 18.200000
0.039216 18.200000
0.039228 18.200000
0.039240 18.928000
0.039252 18.200000
0.039264 18.200000
0.039276 18.200000
0.039288 18.200000
0.039300 18.200000
0.039312 18.200000
0.039324 18.200000
0.039336 18.200000
0.039348 18.200000
0.039360 18.928000
0.039372 17.472000
0.039384 18.200000
0.039396 18.200000
0.039408 18.200000
0.039420 17.472000
0.039432 18.200000
0.039444 17.472000
0.039456 18.200000
0.039468 17.472000
0.039480 18.200000
0.039492 17.472000
0.039504 17.472000
0.039516 17.472000
0.039528 17.472000
0.039540 17.472000
0.039552 17.472000
0.039564 17.472000
0.039576 17.472000
0.039588 17.472000
0.039600 18.200000
0.039612 17.472000
0.039624 18.200000
0.039636 17.472000
0.039648 17.472000
0.039660 18.200000
0.039672 16.744000
0.039684 17.472000
0.039696 18.200000
0.039708 17.472000
0.039720 17.472000
0.039732 17.472000
0.039744 17.472000
0.039756 17.472000
0.039768 17.472000
0.039780 17.472000
0.039792 17.472000
0.039804 16.744000
0.039816 16.744000
0.039828 17.472000
0.039840 17.472000
0.039852 16.744000
0.039864 17.472000
0.039876 16.744000
0.039888 17.472000
0.039900 16.744000
0.039912 17.472000
0.039924 17.472000
0.039936 16.744000
0.039948 17.472000
0.039960 16.744000
0.039972 16.744000
0.039984 16.744000
0.039996 16.744000
0.040008 17.472000
0.040020 16.744000
0.040032 16.744000
0.040044 17.472000
0.040056 16.744000
0.040068 16.744000
0.040080 16.744000
0.040092 17.472000
0.040104 16.744000
0.040116 17.472000
0.040128 16.744000
0.040140 17.472000
0.040152 16.744000
0.040164 17.472000
0.040176 16.744000
0.040188 17.472000
0.040200 16.744000
0.040212 16.744000
0.040224 17.472000
0.040236 16.744000
0.040248 16.744000
0.040260 16.744000
0.040272 16.744000
0.040284 16.744000
0.040296 16.744000
0.040308 16.744000
0.040320 16.016000
0.040332 16.744000
0.040344 16.744000
0.040356 16.744000
0.040368 16.016000
0.040380 16.744000
0.040392 16.016000
0.040404 16.744000
0.040416 16.016000
0.040428 16.016000
0.040440 16.744000
0.040452 16.016000
0.040464 16.744000
0.040476 16.016000
0.040488 16.016000
0.040500 16.744000
0.040512 16.016000
0.040524 16.744000
0.040536 16.016000
0.040548 16.016000
0.040560 16.016000
0.040572 16.016000
0.040584 16.016000
0.040596 16.016000
0.040608 16.016000
0.040620 16.016000
0.040632 16.016000
0.040644 15.288000
0.040656 16.016000
0.040668 16.016000
0.040680 16.016000
0.040692 16.016000
0.040704 16.016000
0.040716 16.744000
0.040728 16.016000
0.040740 16.016000
0.040752 16.016000
0.040764 16.016000
0.040776 16.016000
0.040788 16.016000
0.040800 16.744000
0.040812 16.016000
0.040824 16.016000
0.040836 16.016000
0.040848 16.744000
0.040860 16.016000
0.040872 16.744000
0.040884 16.744000
0.040896 16.016000
0.040908 16.016000
0.040920 16.744000
0.040932 16.016000
0.040944 16.744000
0.040956 16.016000
0.040968 16.744000
0.040980 16.016000
0.040992 16.744000
0.041004 16.016000
0.041016 16.744000
0.041028 16.016000
0.041040 16.744000
0.041052 16.744000
0.041064 16.016000
0.041076 16.016000
0.041088 16.744000
0.041100 16.744000
0.041112 16.016000
0.041124 16.016000
0.041136 16.744000
0.041148 16.744000
0.041160 16.016000
0.041172 16.744000
0.041184 16.016000
0.041196 16.744000
0.041208 16.744000
0.041220 16.016000
0.041232 16.744000
0.041244 16.016000
0.041256 16.744000
0.041268 16.016000
0.041280 16.744000
0.041292 16.744000
0.041304 16.744000
0.041316 16.744000
0.041328 16.016000
0.041340 16.744000
0.041352 16.744000
0.041364 16.016000
0.041376 16.744000
0.041388 16.744000
0.041400 16.744000
0.041412 16.744000
0.041424 17.472000
0.041436 16.744000
0.041448 16.744000
0.041460 16.744000
0.041472 16.744000
0.041484 17.472000
0.041496 16.744000
0.041508 16.016000
0.041520 16.744000
0.041532 16.744000
0.041544 16.744000
0.041556 16.744000
0.041568 16.744000
0.041580 16.016000
0.041592 16.744000
0.041604 16.016000
0.041616 16.744000
0.041628 16.016000
0.041640 16.016000
0.041652 16.744000
0.041664 16.016000
0.041676 16.016000
0.041688 16.016000
0.041700 16.744000
0.041712 16.016000
0.041724 16.016000
0.041736 16.016000
0.041748 16.016000
0.041760 16.744000
0.041772 16.016000
0.041784 16.016000
0.041796 16.016000
0.041808 16.016000
0.041820 16.016000
0.041832 16.016000
0.041844 16.016000
0.041856 16.016000
0.041868 16.016000
0.041880 16.016000
0.041892 16.016000
0.041904 16.016000
0.041916 15.288000
0.041928 16.016000
0.041940 16.016000
0.041952 16.016000
0.041964 16.016000
0.041976 16.016000
0.041988 16.744000
0.042000 16.016000
0.042012 16.744000
0.042024 16.016000
0.042036 16.016000
0.042048 16.744000
0.042060 16.016000
0.042072 15.288000
0.042084 16.016000
0.042096 15.288000
0.042108 16.016000
0.042120 16.016000
0.042132 16.016000
0.042144 16.016000
0.042156 16.744000
0.042168 16.016000
0.042180 16.016000
0.042192 15.288000
0.042204 16.016000
0.042216 16.016000
0.042228 16.016000
0.042240 16.016000
0.042252 15.288000
0.042264 16.016000
0.042276 15.288000
0.042288 16.016000
0.042300 15.288000
0.042312 16.016000
0.042324 16.016000
0.042336 16.016000
0.042348 16.016000
0.042360 16.016000
0.042372 15.288000
0.042384 16.016000
0.042396 16.016000
0.042408 16.016000
0.042420 16.016000
0.042432 16.016000
0.042444 15.288000
0.042456 16.016000
0.042468 15.288000
0.042480 16.016000
0.042492 16.016000
0.042504 15.288000
0.042516 15.288000
0.042528 16.016000
0.042540 15.288000
0.042552 15.288000
0.042564 16.016000
0.042576 15.288000
0.042588 15.288000
0.042600 16.016000
0.042612 15.288000
0.042624 15.288000
0.042636 15.288000
0.042648 15.288000
0.042660 15.288000
0.042672 15.288000
0.042684 15.288000
0.042696 15.288000
0.042708 15.288000
0.042720 16.016000
0.042732 15.288000
0.042744 15.288000
0.042756 16.016000
0.042768 15.288000
0.042780 16.016000
0.042792 15.288000
0.042804 16.016000
0.042816 15.288000
0.042828 16.016000
0.042840 15.288000
0.042852 16.016000
0.042864 16.016000
0.042876 16.016000
0.042888 15.288000
0.042900 16.016000
0.042912 15.288000
0.042924 15.288000
0.042936 16.016000
0.042948 16.016000
0.042960 16.016000
0.042972 16.016000
0.042984 16.016000
0.042996 16.016000
0.043008 16.016000
0.043020 16.016000
0.043032 16.744000
0.043044 16.016000
0.043056 16.744000
0.043068 16.016000
0.043080 16.744000
0.043092 16.016000
0.043104 16.744000
0.043116 16.016000
0.043128 16.744000
0.043140 16.744000
0.043152 16.744000
0.043164 16.016000
0.043176 16.744000
0.043188 16.744000
0.043200 16.016000
0.043212 16.744000
0.043224 16.016000
0.043236 16.744000
0.043248 16.016000
0.043260 16.744000
0.043272 16.016000
0.043284 16.744000
0.043296 16.016000
0.043308 16.016000
0.043320 16.016000
0.043332 16.016000
0.043344 16.744000
0.043356 16.016000
0.043368 16.016000
0.043380 16.016000
0.043392 16.016000
0.043404 16.016000
0.043416 16.016000
0.043428 16.016000
0.043440 16.744000
0.043452 16.016000
0.043464 16.016000
0.043476 16.744000
0.043488 16.016000
0.043500 16.016000
0.043512 16.744000
0.043524 16.016000
0.043536 16.016000
0.043548 16.744000
0.043560 16.016000
0.043572 16.016000
0.043584 16.016000
0.043596 16.744000
0.043608 16.016000
0.043620 16.016000
0.043632 16.016000
0.043644 16.744000
0.043656 16.016000
0.043668 16.016000
0.043680 16.016000
0.043692 16.016000
0.043704 16.016000
0.043716 16.016000
0.043728 16.744000
0.043740 16.016000
0.043752 16.016000
0.043764 16.016000
0.043776 16.016000
0.043788 16.016000
0.043800 16.016000
0.043812 16.016000
0.043824 16.744000
0.043836 16.016000
0.043848 16.016000
0.043860 16.016000
0.043872 16.744000
0.043884 15.288000
0.043896 16.016000
0.043908 16.016000
0.043920 16.016000
0.043932 16.016000
0.043944 16.016000
0.043956 16.016000
0.043968 16.016000
0.043980 16.016000
0.043992 15.288000
0.044004 16.016000
0.044016 16.016000
0.044028 16.016000
0.044040 16.016000
0.044052 15.288000
0.044064 16.016000
0.044076 15.288000
0.044088 15.288000
0.044100 15.288000
0.044112 15.288000
0.044124 15.288000
0.044136 16.016000
0.044148 15.288000
0.044160 15.288000
0.044172 15.288000
0.044184 15.288000
0.044196 15.288000
0.044208 15.288000
0.044220 16.016000
0.044232 15.288000
0.044244 15.288000
0.044256 15.288000
0.044268 16.016000
0.044280 15.288000
0.044292 15.288000
0.044304 16.016000
0.044316 15.288000
0.044328 16.016000
0.044340 16.016000
0.044352 15.288000
0.044364 16.016000
0.044376 16.016000
0.044388 15.288000
0.044400 16.016000
0.044412 15.288000
0.044424 15.288000
0.044436 15.288000
0.044448 15.288000
0.044460 15.288000
0.044472 16.016000
0.044484 15.288000
0.044496 16.016000
0.044508 15.288000
0.044520 16.016000
0.044532 16.016000
0.044544 16.016000
0.044556 16.016000
0.044568 16.744000
0.044580 16.016000
0.044592 16.016000
0.044604 16.016000
0.044616 16.016000
0.044628 16.744000
0.044640 16.016000
0.044652 16.016000
0.044664 16.016000
0.044676 16.016000
0.044688 16.744000
0.044700 16.016000
0.044712 16.016000
0.044724 16.016000
0.044736 16.016000
0.044748 16.016000
0.044760 16.744000
0.044772 16.016000
0.044784 16.016000
0.044796 16.744000
0.044808 16.744000
0.044820 16.016000
0.044832 16.744000
0.044844 16.744000
0.044856 16.744000
0.044868 16.744000
0.044880 16.744000
