46
0 46 3 100 750000000 2.00 6.50
1 47 3 100 20000000000 2.00 6.50
2 48 3 100 20000000000 2.00 6.50
3 49 3 100 20000000000 2.00 6.50
4 50 3 100 20000000000 2.00 6.50
5 51 3 100 20000000000 2.00 6.50
6 52 3 100 20000000000 2.00 6.50
7 53 3 100 20000000000 2.00 6.50
8 54 3 100 20000000000 2.00 6.50
9 55 3 100 20000000000 2.00 6.50
10 56 3 100 20000000000 2.00 6.50
11 57 3 100 20000000000 2.25 4.75
12 58 3 100 20000000000 2.25 4.75
13 59 3 100 20000000000 2.25 4.75
14 60 3 100 20000000000 2.25 4.75
15 61 3 100 20000000000 2.25 4.75
16 62 3 100 20000000000 2.25 4.75
17 63 3 100 20000000000 2.25 4.75
18 64 3 100 20000000000 2.25 4.75
19 65 3 100 20000000000 2.25 4.75
20 66 3 100 20000000000 2.25 4.75
21 67 3 100 20000000000 2.25 4.75
22 68 3 100 20000000000 2.25 4.75
23 69 3 100 20000000000 2.25 4.75
24 70 3 100 20000000000 2.25 4.75
25 71 3 100 20000000000 2.25 4.75
26 72 3 100 20000000000 2.25 4.75
27 73 3 100 20000000000 2.25 4.75
28 74 3 100 20000000000 2.25 4.75
29 75 3 100 20000000000 2.25 4.75
30 76 3 100 20000000000 2.25 4.75
31 77 3 100 20000000000 2.25 4.75
32 78 3 100 20000000000 2.25 4.75
33 79 3 100 20000000000 2.25 4.75
34 80 3 100 20000000000 2.25 4.75
35 81 3 100 20000000000 2.25 4.75
36 82 3 100 20000000000 2.25 4.75
37 83 3 100 20000000000 2.25 4.75
38 84 3 100 20000000000 2.25 4.75
39 85 3 100 20000000000 2.25 4.75
40 86 3 100 20000000000 2.25 4.75
41 87 3 100 20000000000 2.25 4.75
42 88 3 100 20000000000 2.25 4.75
43 89 3 100 20000000000 2.25 4.75
44 90 3 100 20000000000 2.25 4.75
45 91 3 100 20000000000 2.25 4.75
